  897.0  19.4   90.
  875.0  17.5   94.
  853.0  15.6   97.
  850.0  15.6   97.
  763.0  11.0   93.
  700.0   7.4   89.
  691.0   6.8   89.
  649.0   4.0   90.
  566.0  -2.1   94.
  523.0  -4.5   95.
  500.0  -6.7   88.
  486.0  -7.5   88.
  480.0  -7.9   80.
  467.0  -8.7   64.
  452.0  -9.7   48.
  451.0  -9.7   44.
  434.0 -12.1   51.
  425.0 -13.4   56.
  413.0 -15.1   63.
  402.0 -16.8   71.
  400.0 -17.1   72.
  399.0 -17.1   72.
  395.0 -17.5   78.
  383.0 -19.1   75.
  382.0 -19.2   74.
  343.0 -24.6   63.
  305.0 -30.5   52.
  300.0 -31.3   50.
  287.0 -33.9   55.
  271.0 -36.7   28.
  260.0 -39.8   41.
  259.0 -40.1   42.
  250.0 -42.1    0.
  217.0 -49.9    0.
  200.0 -54.9    0.
  189.0 -58.1    0.
  150.0 -66.7    0.
  135.0 -70.3    0.
  126.0 -74.1    0.
  125.0 -74.2    0.
  117.0 -75.5    0.
  112.0 -76.3    0.
  111.0 -76.5    0.
  110.0 -76.5    0.
  100.0 -75.9    0.
   92.0 -79.3    0.
   89.0 -80.7    0.
   87.2 -81.5    0.
   86.0 -80.4    0.
   85.0 -79.5    0.
   82.2 -76.9    0.
   77.0 -75.6    0.
   74.1 -74.9    0.
   70.1 -76.3    0.
   70.0 -75.9    0.
   66.0 -75.1    0.
   65.0 -74.9    0.
   62.9 -74.5    0.
   61.0 -70.9    0.
   59.0 -66.9    0.
   58.0 -64.9    0.
   57.9 -64.7    0.
   56.0 -65.5    0.
   55.0 -66.0    0.
   53.0 -66.9    0.
   50.6 -68.1    0.
   50.0 -67.5    0.
   49.0 -67.4    0.
   43.0 -66.6    0.
   42.1 -66.5    0.
   39.0 -63.6    0.
   35.0 -59.5    0.
   30.0 -58.9    0.
   29.0 -58.3    0.
   26.0 -56.4    0.
   23.8 -54.9    0.
   22.8 -56.5    0.
   21.0 -52.9    0.
   20.0 -50.7    0.
   19.1 -49.9    0.
