     87576 06102013   12  1023.0  16.0   8.0    20    6                                             
     87576 06102013   12  1019.0               355   11                                             
     87576 06102013   12  1000.0  13.6   6.6               212                                      
     87576 06102013   12   995.0  14.4   7.4               254                                      
     87576 06102013   12   963.0               335   11                                             
     87576 06102013   12   926.0  11.2   1.2               857                                      
     87576 06102013   12   911.0  11.6 -14.4               993                                      
     87576 06102013   12   897.0  10.4  -3.6              1122                                      
     87576 06102013   12   863.0               330    1                                             
     87576 06102013   12   823.0   6.4 -17.6              1832                                      
     87576 06102013   12   791.0   4.4 -13.6              2155                                      
     87576 06102013   12   761.0   1.4  -8.6              2467                                      
     87576 06102013   12   750.0               210   10                                             
     87576 06102013   12   723.0  -2.3 -14.3              2876                                      
     87576 06102013   12   711.0  -1.9 -24.9              3008                                      
     87576 06102013   12   653.0  -3.5 -50.5              3681                                      
     87576 06102013   12   638.0               185   16                                             
     87576 06102013   12   616.0               170   17                                             
     87576 06102013   12   541.0               190   27                                             
     87576 06102013   12   516.0               200   25                                             
     87576 06102013   12   479.0 -20.5 -39.5              6051                                      
     87576 06102013   12   447.0 -23.9 -46.9              6559                                      
     87576 06102013   12   442.0 -23.5 -51.5              6641                                      
     87576 06102013   12   409.0               210   27                                             
     87576 06102013   12   383.0 -31.9 -57.9              7670                                      
     87576 06102013   12   371.0               195   25                                             
     87576 06102013   12   359.0 -34.1 -65.1              8125                                      
     87576 06102013   12   349.0               215   30                                             
     87576 06102013   12   290.0 -47.3 -63.3              9577                                      
     87576 06102013   12   279.0               215   26                                             
     87576 06102013   12   256.0               240   28                                             
     87576 06102013   12   249.0               255   29                                             
     87576 06102013   12   238.0 -56.3 -71.3             10858                                      
     87576 06102013   12   217.0               250   44                                             
     87576 06102013   12   201.0 -53.5 -79.5             11938                                      
     87576 06102013   12   179.0               270   74                                             
     87576 06102013   12   148.0               265   75                                             
     87576 06102013   12   125.0 -62.3 -89.3             14931                                      
     87576 06102013   12   107.0               265   46                                             
     87576 06102013   12   100.0 -63.5 -92.5   245   44  16305                                      
     87576 06102013   12    90.9               255   37                                             
     87576 06102013   12    87.6               270   39                                             
     87576 06102013   12    87.4 -64.7 -93.7             17129                                      
     87576 06102013   12    80.7               260   45                                             
     87576 06102013   12    78.7 -62.1 -92.1             17773                                      
     87576 06102013   12    77.0               245   32                                             
     87576 06102013   12    72.1               245   13                                             
     87576 06102013   12    71.3               255   12                                             
     87576 06102013   12    70.1               275   14                                             
     87576 06102013   12    67.9               280   23                                             
     87576 06102013   12    65.7 -65.1 -94.1             18880                                      
     87576 06102013   12    64.3               245   31                                             
     87576 06102013   12    62.7               245   24                                             
     87576 06102013   12    61.2               265   17                                             
     87576 06102013   12    60.6               275   17                                             
     87576 06102013   12    59.0 -60.3 -91.3             19542                                      
     87576 06102013   12    55.6               300   19                                             
     87576 06102013   12    53.7 -62.3 -92.3             20125                                      
     87576 06102013   12    53.2               280   26                                             
     87576 06102013   12    52.5               270   24                                             
     87576 06102013   12    49.0 -57.3 -89.3             20696                                      
     87576 06102013   12    48.1               290   22                                             
     87576 06102013   12    45.2 -59.1 -90.1             21204                                      
     87576 06102013   12    43.3               265   17                                             
     87576 06102013   12    40.8               295   16                                             
     87576 06102013   12    40.3 -55.7 -87.7             21929                                      
     87576 06102013   12    35.8               260   11                                             
     87576 06102013   12    34.2 -57.3 -89.3             22970                                      
     87576 06102013   12    33.5               275   15                                             
     87576 06102013   12    31.6               225   11                                             
     87576 06102013   12    31.3               220   10                                             
     87576 06102013   12    30.7               260    6                                             
     87576 06102013   12    30.0               295   10                                             
     87576 06102013   12    27.2               285   19                                             
     87576 06102013   12    25.9               305   21                                             
     87576 06102013   12    25.7 -54.7 -86.7             24786                                      
     87576 06102013   12    23.3               315   22                                             
     87576 06102013   12    22.8 -56.3 -88.3             25549                                      
     87576 06102013   12    22.1 -53.3 -86.3             25748                                      
     87576 06102013   12    21.9               295   17                                             
     87576 06102013   12    20.6               295   20                                             
     87576 06102013   12    19.9               270   16                                             
     87576 06102013   12    18.9 -50.1 -84.1             26761                                      
     87576 06102013   12    18.6               285   12                                             
     87576 06102013   12    17.8               250   11                                             
     87576 06102013   12    14.7 -49.9 -83.9   285    4  28403                                      
     87576 06102013   12    14.1               280   10                                             
     87576 06102013   12    11.1 -40.9 -77.9             30276                                      
     87576 06102013   12    10.9 -41.7 -77.7   255    6  30399                                      
