 1002.0  28.2   78.   20.    7.0
 1000.0  27.2   74.   15.    7.0
  989.0  26.2   83.   12.    9.0
  967.0  24.4   89.    7.   14.0
  951.0  24.2   84.    2.   17.0
  946.0  25.0   79.    1.   18.0
  942.0  24.7   79.    0.   19.0
  925.0  23.4   80.    5.   20.0
  894.0  21.7   76.   15.   25.0
  867.0  20.3   73.   25.   21.0
  866.0  20.2   73.   24.   21.0
  850.0  19.2   77.   15.   22.0
  802.0  15.4   88.  341.   15.0
  801.0  15.4   87.  340.   15.0
  754.0  13.4   63.  335.   16.0
  735.0  12.6   54.  315.   16.0
  726.0  11.7   57.  305.   16.0
  700.0   9.2   66.  305.   18.0
  688.0   8.3   67.  295.   17.0
  625.0   3.5   72.  315.   19.0
  606.0   2.0   73.  306.   16.0
  605.0   2.0   68.  305.   16.0
  599.0   2.2   44.  308.   15.0
  574.0   0.6    6.  319.   13.0
  572.0   0.4    7.  320.   13.0
  560.0  -0.5   14.  295.   12.0
  538.0  -3.9   58.  299.   20.0
  536.0  -3.9   68.  299.   21.0
  532.0  -4.0   63.  300.   22.0
  517.0  -4.3   46.  317.   23.0
  510.0  -5.1   49.  325.   23.0
  500.0  -6.3   53.  325.   28.0
  493.0  -6.9   49.  323.   30.0
  490.0  -6.3   29.  322.   31.0
  467.0  -8.5   31.  316.   37.0
  463.0  -8.2   12.  315.   38.0
  462.0  -8.1    9.  315.   38.0
  450.0  -8.7    1.  312.   39.0
  400.0 -15.5   16.  300.   45.0
  392.0 -16.1    7.  290.   49.0
  351.0 -23.5   43.  295.   51.0
  319.0 -28.6   35.  300.   52.0
  300.0 -31.9   29.  285.   58.0
  297.0 -32.7   33.  283.   62.0
  294.0 -32.8   27.  280.   67.0
  292.0 -32.9   23.  280.   68.0
  250.0 -40.3   33.  290.   85.0
  225.0 -46.0   31.  295.   93.0
  209.0 -49.9   30.  292.   91.0
  200.0 -52.3   29.  290.   90.0
  183.0 -55.7   22.  299.   90.0
  163.0 -62.5   20.  310.   90.0
  162.0 -62.9   20.  309.   89.0
  160.0 -61.3   14.  306.   87.0
  150.0 -63.9   11.  290.   78.0
  148.0 -64.3   11.  290.   77.0
  130.0 -67.7    9.  290.   55.0
  120.0 -69.8    7.  290.   62.0
  100.0 -74.7    5.  260.   46.0
   90.4 -77.5    4.  290.   43.0
   90.0 -77.5    4.  290.   44.0
   84.5 -77.9    5.  285.   34.0
   84.0 -77.6    5.  285.   33.0
   80.0 -75.4    4.  285.   39.0
   77.0 -73.7    3.  270.   29.0
   73.4 -71.5    2.  234.   25.0
   73.0 -71.7    2.  230.   25.0
   70.0 -73.5    3.  240.   20.0
   67.3 -74.1    4.  247.   13.0
   66.0 -74.0    4.  250.    9.0
   65.0 -73.9    4.  305.    4.0
   64.0 -73.8    4.    5.   11.0
   61.0 -73.5    4.  330.   15.0
   59.0 -73.2    4.  330.   18.0
   57.9 -73.1    4.  316.   21.0
   57.0 -72.3    3.  305.   23.0
   56.0 -71.4    3.  290.   18.0
   55.9 -71.3    3.  291.   17.0
   55.0 -68.5    2.  300.   10.0
   53.9 -64.9    1.  252.   10.0
   51.0 -62.7    1.  120.   10.0
   50.0 -61.9    1.   65.   11.0
   49.5 -60.5    1.   55.   12.0
   49.0 -60.7    1.   45.   13.0
   47.0 -61.6    1.   10.   10.0
   45.0 -62.4    1.   40.   12.0
   42.3 -63.7    2.   45.    9.0
   40.0 -63.3    2.   50.    7.0
   38.1 -62.9    2.   64.   13.0
   38.0 -62.8    2.   65.   13.0
   37.0 -61.2    2.   50.   13.0
   34.0 -56.4    1.  120.    4.0
   33.0 -54.7    1.  135.   10.0
   32.0 -54.2    1.  130.    5.0
   31.0 -53.8    1.  130.   13.0
   30.0 -53.3    1.   95.   22.0
   28.9 -52.5    1.   74.   26.0
   27.7 -53.5    1.   50.   30.0
   27.0 -53.2    1.   35.   33.0
   26.0 -52.8    1.   45.   19.0
   20.0 -49.9    1.   70.   25.0
   18.8 -47.9    1. -999. -999.0
   17.0 -50.1    1. -999. -999.0
   10.2 -38.5    1. -999. -999.0
