 2008 06 24 1200 82042     1.830   -61.130    95.    0.00 000     0. 000   26.6 000   23.9 000   -999.0 000   -999.0 000    12.0 000    0.22 000 
 2008 06 24 1200 82098     0.030   -51.050    15.    0.00 000     0. 000   27.5 000   25.0 000 101120.0 000 101290.0 000     0.0 000    0.22 000 
 2008 06 24 1200 82106    -0.130   -67.080    90.    4.00 000   180. 000   23.8 000   23.6 000   -999.0 000   -999.0 000    20.0 000    0.23 000 
 2008 06 24 1200 82113    -0.980   -62.930    40.    2.00 000   170. 000   24.1 000   23.0 000   -999.0 000   -999.0 000     0.0 000    0.23 000 
 2008 06 24 1200 82141    -0.670   -48.550    11.    5.00 000   140. 000   28.6 000   24.4 000 101340.0 000 101460.0 000     0.0 000    0.21 000 
 2008 06 24 1200 82143    -0.620   -47.380    14.    3.00 000    50. 000   28.0 000    2.2 000   -999.0 000 101460.0 000     0.0 000    0.22 000 
 2008 06 24 1200 82145    -1.080   -46.900    36.    0.00 000     0. 000   27.8 000   24.8 000 100960.0 000 101380.0 000     0.0 000    0.21 000 
 2008 06 24 1200 82181    -2.000   -54.070   146.    6.00 000    20. 000   24.1 000   21.9 000 100250.0 000 101660.0 000     0.0 000    0.23 000 
 2008 06 24 1200 82184    -1.730   -52.230    17.    2.00 000    90. 000   28.5 000   24.4 000 101220.0 000 101400.0 000     0.0 000    0.21 000 
 2008 06 24 1200 82193    -1.380   -48.480    16.    6.00 000   100. 000   28.6 000   22.5 000   -999.0 000 101430.0 000     0.0 000    0.20 000 
 2008 06 24 1200 82198    -1.720   -45.400    44.    4.00 000    90. 000   27.3 000   24.3 000 100840.0 000 101360.0 000     0.0 000    0.22 000 
 2008 06 24 1200 82212    -2.530   -66.170    55.    2.00 000    50. 000   23.9 000   23.3 000 100660.0 000 101490.0 000     0.0 000    0.23 000 
 2008 06 24 1200 82240    -2.630   -56.730    30.    2.00 000    50. 000   27.4 000   24.8 000   -999.0 000   -999.0 000     2.0 000    0.21 000 
 2008 06 24 1200 82246    -2.630   -54.950   176.    2.00 000   110. 000   25.4 000   23.8 000  99420.0 000 101410.0 000     0.0 000    0.22 000 
 2008 06 24 1200 82281    -2.600   -44.230    53.    8.00 000    90. 000   26.8 000   24.1 000   -999.0 000 101400.0 000     0.0 000    0.22 000 
 2008 06 24 1200 82287    -2.920   -41.600    22.    5.00 000    90. 000   28.2 000   23.3 000 100740.0 000 101000.0 000     0.0 000    0.21 000 
 2008 06 24 1200 82317    -3.370   -64.680    47.    2.00 000   140. 000   23.8 000   23.1 000   -999.0 000   -999.0 000    47.0 000    0.23 000 
 2008 06 24 1200 82336    -3.130   -58.430    48.    0.00 000     0. 000   29.0 000   25.6 000   -999.0 000   -999.0 000     0.0 000    0.20 000 
 2008 06 24 1200 82353    -3.200   -52.200    74.    2.00 000   140. 000   26.5 000   23.7 000 100200.0 000 101040.0 000     0.0 000    0.22 000 
 2008 06 24 1200 82361    -3.720   -49.720    40.    3.00 000    50. 000   26.2 000   22.7 000 101160.0 000 101540.0 000     0.0 000    0.21 000 
 2008 06 24 1200 82392    -3.700   -40.350    83.    2.00 000   140. 000   27.0 000   21.3 000 100420.0 000 101440.0 000     0.0 000    0.22 000 
 2008 06 24 1200 82398    -3.780   -38.530    25.   11.00 000   160. 000   26.9 000   23.7 000   -999.0 000 101510.0 000     0.2 000    0.22 000 
 2008 06 24 1200 82400    -3.850   -32.420    56.    6.00 000   120. 000   28.5 000   24.4 000   -999.0 000 101540.0 000     4.0 000    0.21 000 
 2008 06 24 1200 82410    -4.380   -70.030    65.    4.00 000   180. 000   21.7 000   20.9 000   -999.0 000   -999.0 000     4.0 000    0.23 000 
 2008 06 24 1200 82425    -4.080   -63.080    46.    4.00 000   140. 000   24.5 000   23.6 000   -999.0 000   -999.0 000     8.0 000    0.23 000 
 2008 06 24 1200 82445    -4.270   -55.970    45.    0.00 000     0. 000   25.0 000   23.1 000 101140.0 000 101660.0 000     0.0 000    0.22 000 
 2008 06 24 1200 82460    -4.250   -44.820    26.    3.00 000    90. 000   28.4 000   24.8 000 101170.0 000 101460.0 000     0.0 000    0.22 000 
 2008 06 24 1200 82476    -4.850   -43.330   103.    3.00 000   180. 000   27.5 000   22.8 000 100260.0 000 101450.0 000     0.0 000    0.20 000 
 2008 06 24 1200 82533    -5.820   -61.300    49.    2.00 000   230. 000   24.2 000   22.8 000 100860.0 000 101420.0 000     0.0 000    0.22 000 
 2008 06 24 1200 82562    -5.350   -49.150   102.    2.00 000   180. 000   26.9 000   20.9 000 100250.0 000 101330.0 000     0.0 000    0.21 000 
 2008 06 24 1200 82571    -5.500   -45.270   174.    2.00 000   140. 000   23.3 000   20.3 000  99760.0 000 101520.0 000     0.0 000    0.21 000 
 2008 06 24 1200 82579    -5.050   -42.820    69.    6.00 000   180. 000   28.4 000   22.7 000   -999.0 000 101590.0 000     0.0 000    0.21 000 
 2008 06 24 1200 82583    -5.170   -40.670   299.    7.00 000    90. 000   26.1 000   21.2 000  98100.0 000 101500.0 000     0.0 000    0.22 000 
 2008 06 24 1200 82586    -5.200   -39.300   211.   10.00 000    90. 000   25.0 000   20.7 000  98870.0 000 101270.0 000     0.0 000    0.23 000 
 2008 06 24 1200 82594    -5.120   -36.630     6.   11.00 000   140. 000   27.6 000   22.8 000 101450.0 000 101530.0 000     0.0 000    0.22 000 
 2008 06 24 1200 82599    -5.920   -35.250    52.    8.00 000   180. 000   24.5 000   21.9 000   -999.0 000 101650.0 000     0.1 000    0.22 000 
 2008 06 24 1200 82610    -6.670   -69.870   188.    0.00 000     0. 000   18.7 000   18.0 000   -999.0 000   -999.0 000     0.0 000    0.23 000 
 2008 06 24 1200 82678    -6.770   -43.020   138.    8.00 000   140. 000   26.6 000   19.5 000 100250.0 000 101840.0 000     0.0 000    0.23 000 
 2008 06 24 1200 82683    -6.000   -40.420   399.    6.00 000   140. 000   24.6 000   19.4 000  97090.0 000 101630.0 000     0.0 000    0.22 000 
 2008 06 24 1200 82704    -7.630   -72.670   170.    6.00 000   140. 000   19.5 000   18.9 000  99280.0 000 101260.0 000     0.2 000    0.23 000 
 2008 06 24 1200 82723    -7.250   -64.830    60.    8.00 000   230. 000   20.4 000   19.7 000 100760.0 000 101600.0 000     0.0 000    0.25 000 
 2008 06 24 1200 82765    -7.330   -47.470   212.    0.00 000     0. 000   25.6 000   18.3 000  99430.0 000 101840.0 000     0.0 000    0.21 000 
 2008 06 24 1200 82780    -7.080   -41.120   223.    6.00 000   140. 000   26.4 000   16.3 000  99240.0 000 101770.0 000     0.0 000    0.21 000 
 2008 06 24 1200 82784    -7.320   -39.300   409.    6.00 000   140. 000   25.4 000   19.3 000  97040.0 000 101610.0 000     0.0 000    0.21 000 
 2008 06 24 1200 82789    -7.850   -38.130  1020.    0.00 000   140. 000   17.5 000   16.6 000   -999.0 000   -999.0 000     0.4 000    0.25 000 
 2008 06 24 1200 82795    -7.220   -35.880   560.    9.00 000   180. 000   21.5 000   18.8 000  95650.0 000 101880.0 000     0.2 000    0.22 000 
 2008 06 24 1200 82807    -8.170   -70.770   190.    2.00 000   180. 000   18.6 000   17.4 000   -999.0 000   -999.0 000     1.0 000    0.23 000 
 2008 06 24 1200 82824    -8.770   -63.920    88.    6.00 000   180. 000   20.6 000   18.0 000   -999.0 000 101800.0 000     0.0 000    0.22 000 
 2008 06 24 1200 82861    -8.250   -49.200   160.    4.00 000   360. 000   24.1 000   18.6 000  99500.0 000 101200.0 000     0.0 000    0.21 000 
 2008 06 24 1200 82863    -8.970   -48.180   187.    6.00 000   230. 000   24.0 000   18.0 000  99400.0 000 101540.0 000     0.0 000    0.21 000 
 2008 06 24 1200 82879    -8.350   -42.250   236.    8.00 000    90. 000   26.6 000   19.5 000  99030.0 000 101690.0 000     0.0 000    0.22 000 
 2008 06 24 1200 82893    -8.880   -36.520   822.    3.00 000   140. 000   19.0 000   17.8 000  92600.0 000 101660.0 000     3.0 000    0.22 000 
 2008 06 24 1200 82899    -8.070   -34.850    19.   12.00 000   180. 000   27.6 000   24.3 000   -999.0 000 101760.0 000    44.0 000    0.22 000 
 2008 06 24 1200 82917   -10.000   -67.800   143.    5.00 000   170. 000   16.9 000   16.2 000   -999.0 000 102090.0 000     0.0 000    0.22 000 
 2008 06 24 1200 82965    -9.330   -54.950   536.    6.00 000   210. 000   21.8 000   16.7 000   -999.0 000   -999.0 000     0.0 000    0.21 000 
 2008 06 24 1200 82979    -9.630   -42.100   400.    0.00 000     0. 000   24.5 000   19.6 000  97160.0 000 101650.0 000     0.0 000    0.22 000 
 2008 06 24 1200 82983    -9.380   -40.480   370.    5.00 000   140. 000   21.0 000   19.5 000  97610.0 000 101830.0 000     5.0 000    0.23 000 
 2008 06 24 1200 82986    -9.400   -38.220   252.   11.00 000   140. 000   24.4 000   20.1 000  98860.0 000 101750.0 000     1.0 000    0.22 000 
 2008 06 24 1200 82993    -9.520   -35.780   115.    9.00 000   180. 000   25.1 000   21.5 000   -999.0 000 101790.0 000     7.0 000    0.22 000 
 2008 06 24 1200 83064   -10.520   -48.720   239.    0.00 000     0. 000   24.5 000   19.2 000  98780.0 000 101490.0 000     0.0 000    0.20 000 
 2008 06 24 1200 83096   -10.920   -37.050     6.    6.00 000   140. 000   26.3 000   22.1 000 101650.0 000 101720.0 000     7.0 000    0.21 000 
 2008 06 24 1200 83179   -11.080   -43.170   403.    2.00 000    50. 000   23.9 000   19.7 000  97030.0 000 101530.0 000     0.0 000    0.21 000 
 2008 06 24 1200 83182   -11.300   -41.870   747.   11.00 000    90. 000   23.0 000   16.5 000  93520.0 000 101780.0 000     0.0 000    0.22 000 
 2008 06 24 1200 83186   -11.180   -40.470   484.    6.00 000   140. 000   19.6 000   19.3 000  96380.0 000 101840.0 000     9.0 000    0.23 000 
 2008 06 24 1200 83192   -11.080   -38.500   145.    3.00 000   140. 000   24.7 000   21.7 000 100190.0 000 101860.0 000     6.0 000    0.22 000 
 2008 06 24 1200 83208   -12.730   -60.130   652.    6.00 000   170. 000   15.7 000   15.7 000  94970.0 000  85900.0 000     0.0 000    0.21 000 
 2008 06 24 1200 83214   -10.250   -54.920   285.    4.00 000   140. 000   22.5 000   18.3 000  98340.0 000 101580.0 000     0.0 000    0.22 000 
 2008 06 24 1200 83228   -12.020   -48.530   250.    2.00 000   140. 000   23.6 000   17.6 000  98730.0 000 101520.0 000     0.0 000    0.22 000 
 2008 06 24 1200 83235   -12.270   -46.430   597.   10.00 000    50. 000   25.2 000   15.8 000  94900.0 000 101580.0 000     0.0 000    0.20 000 
 2008 06 24 1200 83236   -12.150   -45.000   440.    1.00 000   270. 000   21.6 000   14.7 000  96700.0 000 101690.0 000     0.0 000    0.20 000 
 2008 06 24 1200 83242   -12.570   -41.380   427.    3.00 000   180. 000   20.9 000   19.8 000  96950.0 000 101960.0 000     2.0 000    0.23 000 
 2008 06 24 1200 83248   -12.900   -38.330     6.   11.00 000   170. 000   25.4 000   21.4 000   -999.0 000 101930.0 000     2.0 000    0.22 000 
 2008 06 24 1200 83264   -12.200   -56.500   368.    8.00 000   180. 000   20.5 000   17.6 000  97440.0 000 102180.0 000     0.0 000    0.21 000 
 2008 06 24 1200 83270   -13.330   -52.500   430.    0.00 000     0. 000   22.3 000   14.9 000  97060.0 000 101940.0 000     0.0 000    0.21 000 
 2008 06 24 1200 83288   -13.270   -43.420   458.    3.00 000   140. 000   23.9 000   15.8 000  96760.0 000 101690.0 000     0.0 000    0.20 000 
 2008 06 24 1200 83309   -14.400   -56.450   286.    2.00 000   230. 000   17.7 000   16.1 000  98580.0 000 101910.0 000     0.0 000    0.23 000 
 2008 06 24 1200 83319   -14.700   -52.350   315.    0.00 000     0. 000   20.0 000   16.6 000  98350.0 000 102030.0 000     0.0 000    0.21 000 
 2008 06 24 1200 83332   -14.100   -46.370   950.    4.00 000    90. 000   23.9 000   14.8 000  92500.0 000 101510.0 000     0.0 000    0.21 000 
 2008 06 24 1200 83339   -14.050   -42.620   882.    9.00 000   140. 000   19.1 000   15.1 000  92100.0 000 101820.0 000     0.0 000    0.21 000 
 2008 06 24 1200 83344   -14.950   -40.880   905.    6.00 000   140. 000   18.0 000   15.4 000  92230.0 000 101790.0 000     0.0 000    0.23 000 
 2008 06 24 1200 83349   -14.800   -39.020     5.    5.00 000   200. 000   26.0 000   21.3 000   -999.0 000 102020.0 000     0.0 000    0.21 000 
 2008 06 24 1200 83358   -15.700   -54.300   354.    0.00 000     0. 000   17.3 000   16.4 000  97160.0 000 101190.0 000     0.0 000    0.23 000 
 2008 06 24 1200 83362   -15.650   -56.100   182.    8.00 000   180. 000   16.6 000   13.2 000   -999.0 000 102230.0 000     0.0 000    0.22 000 
 2008 06 24 1200 83368   -15.900   -52.230   345.    0.00 000     0. 000   21.1 000   18.0 000  98060.0 000 101770.0 000     0.0 000    0.20 000 
 2008 06 24 1200 83374   -15.920   -50.130   495.    6.00 000   230. 000   21.1 000   14.2 000  96020.0 000 101780.0 000     0.0 000    0.20 000 
 2008 06 24 1200 83378   -15.870   -47.930  1061.    3.00 000   320. 000   18.2 000   11.4 000  90220.0 000  85700.0 000     0.0 000    0.21 000 
 2008 06 24 1200 83384   -15.900   -46.050   519.    7.00 000   360. 000   21.0 000   15.4 000  96070.0 000 101930.0 000     0.0 000    0.20 000 
 2008 06 24 1200 83386   -15.430   -44.370   487.    0.00 000     0. 000   23.7 000   15.0 000  96430.0 000 101790.0 000     0.0 000    0.20 000 
 2008 06 24 1200 83388   -15.150   -42.880   605.    0.00 000     0. 000   23.0 000   15.3 000  94920.0 000 101610.0 000     0.0 000    0.21 000 
 2008 06 24 1200 83393   -16.000   -41.280   649.    7.00 000   140. 000   20.0 000   17.0 000  94700.0 000 101970.0 000     0.0 000    0.23 000 
 2008 06 24 1200 83398   -15.670   -38.930     5.    4.00 000   140. 000   23.6 000   21.5 000 101990.0 000 102050.0 000     0.7 000    0.21 000 
 2008 06 24 1200 83405   -16.050   -57.680   118.    6.00 000   180. 000   16.6 000   13.9 000 100520.0 000 101890.0 000     0.0 000    0.23 000 
 2008 06 24 1200 83423   -16.680   -49.280   729.    2.00 000    90. 000   22.0 000   13.1 000  93600.0 000 101810.0 000     0.0 000    0.21 000 
 2008 06 24 1200 83437   -16.720   -43.870   646.    1.00 000    90. 000   19.0 000   14.5 000  94680.0 000 101970.0 000     0.0 000    0.21 000 
 2008 06 24 1200 83442   -16.850   -41.980   284.    0.00 000     0. 000   22.0 000   16.7 000  98440.0 000 101880.0 000     0.0 000    0.23 000 
 2008 06 24 1200 83470   -17.920   -50.920   727.    2.00 000   180. 000   20.3 000   17.2 000  93210.0 000 101860.0 000     0.0 000    0.20 000 
 2008 06 24 1200 83479   -17.220   -46.880   712.    6.00 000    90. 000   20.0 000   14.8 000  94000.0 000 102030.0 000     0.0 000    0.20 000 
 2008 06 24 1200 83483   -17.350   -44.950   521.    3.00 000   230. 000   19.6 000   15.5 000  96210.0 000 101930.0 000     0.0 000    0.20 000 
 2008 06 24 1200 83492   -17.850   -41.500   338.    1.00 000   180. 000   22.4 000   16.9 000  98140.0 000 102020.0 000     0.0 000    0.22 000 
 2008 06 24 1200 83497   -17.630   -39.250     4.    5.00 000   260. 000   20.9 000   20.9 000   -999.0 000 102200.0 000    17.0 000    0.23 000 
 2008 06 24 1200 83498   -17.730   -39.250     3.    6.00 000   230. 000   21.2 000   18.0 000 101920.0 000 101970.0 000    23.0 000    0.23 000 
 2008 06 24 1200 83526   -18.170   -47.970   857.    5.00 000    50. 000   21.4 000   14.6 000  92460.0 000 101890.0 000     0.0 000    0.22 000 
 2008 06 24 1200 83531   -18.600   -46.520   896.    4.00 000    90. 000   18.2 000   14.1 000  91430.0 000 101890.0 000     0.0 000    0.23 000 
 2008 06 24 1200 83538   -18.230   -43.600  1297.    2.00 000    90. 000   15.5 000   13.3 000  87700.0 000 101950.0 000     0.0 000    0.22 000 
 2008 06 24 1200 83550   -18.700   -39.850    25.    0.00 000     0. 000   23.0 000   22.5 000 101880.0 000 102180.0 000     0.0 000    0.22 000 
 2008 06 24 1200 83552   -19.000   -57.650   154.    6.00 000   230. 000   14.7 000   11.6 000 100620.0 000 102470.0 000     0.0 000    0.21 000 
 2008 06 24 1200 83565   -19.700   -51.180   331.    0.00 000     0. 000   17.1 000   15.4 000  97260.0 000 102050.0 000     0.0 000    0.20 000 
 2008 06 24 1200 83566   -19.620   -43.570   827.    7.00 000   140. 000   17.2 000   15.5 000   -999.0 000 102400.0 000     0.0 000    0.22 000 
 2008 06 24 1200 83574   -20.030   -48.930    54.    2.00 000    90. 000   17.6 000   14.9 000  95820.0 000 102000.0 000     0.0 000    0.20 000 
 2008 06 24 1200 83579   -19.570   -46.930  1004.    6.00 000   360. 000   16.6 000   15.6 000  90830.0 000 102160.0 000     2.0 000    0.22 000 
 2008 06 24 1200 83582   -20.020   -45.980   662.    4.00 000   180. 000   17.0 000   16.0 000  94350.0 000 102210.0 000     0.0 000    0.23 000 
 2008 06 24 1200 83592   -19.800   -42.150   609.    1.00 000   180. 000   19.2 000   15.5 000  95300.0 000 102250.0 000     0.0 000    0.22 000 
 2008 06 24 1200 83595   -19.480   -41.070    83.    2.00 000    50. 000   21.0 000   17.4 000 101350.0 000 102210.0 000     0.0 000    0.23 000 
 2008 06 24 1200 83597   -19.400   -40.070    28.    6.00 000   230. 000   21.2 000   18.4 000 102070.0 000 102410.0 000     0.0 000    0.22 000 
 2008 06 24 1200 83612   -20.470   -54.670   556.    8.00 000   100. 000   17.6 000   14.3 000  95660.0 000  85700.0 000     0.0 000    0.22 000 
 2008 06 24 1200 83618   -20.780   -51.630   328.    2.00 000   180. 000   18.0 000   14.5 000  98380.0 000 102150.0 000     0.0 000    0.22 000 
 2008 06 24 1200 83623   -20.420   -49.980   503.    5.00 000   180. 000   17.4 000   13.7 000  96060.0 000 101950.0 000     0.0 000    0.22 000 
 2008 06 24 1200 83630   -20.550   -47.430  1026.    4.00 000    90. 000   17.0 000   15.3 000  90960.0 000 102140.0 000     0.0 000    0.22 000 
 2008 06 24 1200 83649   -20.270   -40.280     4.   10.00 000   200. 000   22.0 000   17.6 000   -999.0 000 102360.0 000     0.0 000    0.22 000 
 2008 06 24 1200 83650   -20.500   -29.320     5.   14.00 000   120. 000   24.5 000   50.3 000   -999.0 000 101870.0 000     0.0 000    0.23 000 
 2008 06 24 1200 83676   -21.130   -48.970   536.   10.00 000    90. 000   15.3 000   14.0 000  95640.0 000 102110.0 000     0.0 000    0.22 000 
 2008 06 24 1200 83687   -21.230   -45.000   933.    6.00 000   140. 000   16.6 000   13.7 000  91860.0 000 102060.0 000     0.0 000    0.22 000 
 2008 06 24 1200 83692   -21.770   -43.350   939.    6.00 000   180. 000   12.9 000   12.5 000  91620.0 000 102320.0 000     2.0 000    0.25 000 
 2008 06 24 1200 83695   -21.200   -41.880   123.    0.00 000     0. 000   19.6 000   16.3 000 101110.0 000 102510.0 000     0.3 000    0.23 000 
 2008 06 24 1200 83698   -21.750   -41.330    11.    3.00 000   270. 000   19.2 000   17.2 000 102300.0 000 102440.0 000     1.0 000    0.23 000 
 2008 06 24 1200 83700   -22.050   -41.050     4.    6.00 000   220. 000   21.0 000   50.2 000   -999.0 000 102490.0 000     0.0 000    0.23 000 
 2008 06 24 1200 83704   -22.320   -53.930   369.    6.00 000   140. 000   16.2 000   15.1 000  97810.0 000 102030.0 000     0.0 000    0.23 000 
 2008 06 24 1200 83716   -22.120   -51.380   435.    5.00 000   140. 000   14.5 000   11.4 000  97110.0 000 102120.0 000     0.0 000    0.23 000 
 2008 06 24 1200 83718   -22.030   -42.370   485.    0.00 000     0. 000   16.0 000   15.4 000  96620.0 000 102510.0 000     8.0 000    0.23 000 
 2008 06 24 1200 83726   -22.020   -47.880   856.    6.00 000    90. 000   14.8 000   13.1 000  92520.0 000 102490.0 000     0.0 000    0.22 000 
 2008 06 24 1200 83738   -22.480   -44.470   439.    0.00 000     0. 000   15.6 000   14.5 000  97400.0 000 102550.0 000     4.0 000    0.23 000 
 2008 06 24 1200 83746   -22.820   -43.250     6.    4.00 000   260. 000   17.4 000   15.2 000   -999.0 000 102510.0 000     4.0 000    0.22 000 
 2008 06 24 1200 83766   -23.380   -51.180   566.    0.00 000     0. 000   13.0 000   12.7 000  95630.0 000 102290.0 000    10.0 000    0.23 000 
 2008 06 24 1200 83780   -23.620   -46.650   803.    5.00 000   170. 000   12.9 000   11.5 000  93330.0 000  85900.0 000     0.0 000    0.23 000 
 2008 06 24 1200 83783   -24.050   -52.370   617.    5.00 000    90. 000   12.0 000   11.6 000  95180.0 000 102070.0 000     0.0 000    0.23 000 
 2008 06 24 1200 83811   -24.400   -50.830   808.    2.00 000   140. 000   10.6 000    9.5 000  93190.0 000 102590.0 000     0.6 000    0.23 000 
 2008 06 24 1200 83821   -24.720   -47.550     3.    0.00 000     0. 000   15.5 000   14.5 000 102570.0 000 102620.0 000     0.2 000    0.23 000 
 2008 06 24 1200 83827   -25.520   -54.580   243.    3.00 000   200. 000   13.8 000   12.0 000  99500.0 000 102370.0 000     0.0 000    0.22 000 
 2008 06 24 1200 83836   -25.470   -50.630   854.    3.00 000    90. 000    9.0 000    8.5 000  92400.0 000 102360.0 000     0.1 000    0.23 000 
 2008 06 24 1200 83840   -25.520   -49.170   908.    2.00 000   290. 000   10.7 000    9.1 000  92200.0 000  85900.0 000     0.0 000    0.23 000 
 2008 06 24 1200 83844   -25.520   -48.520     4.    2.00 000   320. 000   15.1 000   13.1 000 102550.0 000 102620.0 000     0.3 000    0.23 000 
 2008 06 24 1200 83881   -27.180   -53.230   258.    0.00 000     0. 000    8.0 000    6.8 000  99360.0 000 102350.0 000     0.0 000    0.22 000 
 2008 06 24 1200 83887   -27.400   -51.200   947.   10.00 000    50. 000    7.4 000    6.5 000  91800.0 000 102590.0 000     0.0 000    0.22 000 
 2008 06 24 1200 83899   -27.670   -48.550     5.    6.00 000   200. 000    0.0 000    0.0 000 102680.0 000 102740.0 000     0.0 000    0.22 000 
 2008 06 24 1200 83907   -28.400   -55.020   244.    6.00 000    90. 000    7.4 000    5.5 000  99510.0 000 102510.0 000     0.0 000    0.21 000 
 2008 06 24 1200 83914   -28.250   -52.400   684.   10.00 000    90. 000    8.1 000    5.5 000  94390.0 000 102520.0 000     0.0 000    0.22 000 
 2008 06 24 1200 83919   -28.670   -50.430  1048.    7.00 000   270. 000    6.0 000    5.6 000  90700.0 000 102900.0 000     0.0 000    0.22 000 
 2008 06 24 1200 83927   -29.750   -57.080    62.    6.00 000   140. 000    8.2 000    5.5 000 101800.0 000 102580.0 000     0.0 000    0.20 000 
 2008 06 24 1200 83936   -29.700   -53.700   114.    3.00 000    50. 000   10.4 000    9.6 000 101440.0 000 102730.0 000     0.0 000    0.23 000 
 2008 06 24 1200 83948   -29.330   -49.720    30.    0.00 000     0. 000   13.8 000   13.0 000 102640.0 000 102710.0 000     2.0 000    0.23 000 
 2008 06 24 1200 83964   -30.530   -52.520   428.    2.00 000   140. 000   10.4 000    9.6 000  97720.0 000 102860.0 000     0.1 000    0.23 000 
 2008 06 24 1200 83970   -31.250   -50.900     5.    8.00 000   240. 000   15.0 000   40.2 000   -999.0 000 102850.0 000     0.0 000    0.22 000 
 2008 06 24 1200 83971   -30.000   -51.180     3.    0.00 000     0. 000   12.0 000   12.0 000 102750.0 000 102790.0 000     0.3 000    0.22 000 
 2008 06 24 1200 83980   -31.330   -54.100   242.    2.00 000   140. 000    8.1 000    7.7 000  99820.0 000 102790.0 000     0.0 000    0.25 000 
 2008 06 24 1200 83995   -32.020   -52.080   201.    4.00 000   140. 000   13.6 000    9.6 000 102830.0 000 102860.0 000     0.0 000    0.22 000 
 2008 06 24 1200 83997   -33.520   -53.350    37.    0.00 000     0. 000    9.6 000    9.6 000 102720.0 000 103180.0 000     0.1 000    0.22 000 
 2008 06 24 1200 84008    -0.900   -89.600     6.    4.00 000   180. 000   24.3 000   22.0 000 101220.0 000 101320.0 000     0.0 000    0.23 000 
 2008 06 24 1200 84018     0.970   -79.630     8.    4.00 000   190. 000   23.2 000   22.9 000 101080.0 000 101160.0 000     0.0 000    0.23 000 
 2008 06 24 1200 84043     0.350   -78.130  2228.    0.00 000     0. 000   13.5 000   13.2 000  78250.0 000  85360.0 000     0.0 000    0.22 000 
 2008 06 24 1200 84071    -0.150   -78.480  2812.    1.00 000   140. 000   10.8 000    9.1 000  73030.0 000  71560.0 000     0.0 000    0.23 000 
 2008 06 24 1200 84117    -0.950   -80.680    14.    3.00 000   200. 000   22.7 000   20.7 000 101150.0 000 101330.0 000     0.0 000    0.23 000 
 2008 06 24 1200 84123    -0.920   -78.620  2785.    2.00 000   190. 000   10.4 000    9.6 000  73220.0 000  71580.0 000     0.0 000    0.23 000 
 2008 06 24 1200 84135    -1.030   -80.430     0.    0.00 000     0. 000   22.8 000   20.7 000 100990.0 000 100990.0 000     0.0 000    0.23 000 
 2008 06 24 1200 84137    -1.030   -80.450    44.    4.00 000   230. 000   23.1 000   21.8 000   -999.0 000   -999.0 000     0.0 000    0.23 000 
 2008 06 24 1200 84163    -1.500   -78.050  1043.    1.00 000    10. 000   17.5 000   17.4 000  89780.0 000  85210.0 000     0.0 000    0.23 000 
 2008 06 24 1200 84200    -2.200   -80.980     8.    8.00 000   240. 000   22.0 000   20.5 000   -999.0 000   -999.0 000     0.0 000    0.23 000 
 2008 06 24 1200 84202    -2.120   -79.600     0.    4.00 000   230. 000   23.4 000   21.3 000 101650.0 000 101650.0 000     0.0 000    0.23 000 
 2008 06 24 1200 84203    -2.150   -79.880     9.    3.00 000   200. 000   23.4 000   20.0 000 101250.0 000 101300.0 000     0.0 000    0.23 000 
 2008 06 24 1200 85033   -10.820   -65.350   130.    8.00 000   180. 000   17.8 000   15.8 000 100200.0 000 101720.0 000     0.0 000    0.23 000 
 2008 06 24 1200 85114   -13.330   -64.150   141.    5.00 000   150. 000   15.5 000   13.5 000 100210.0 000 101870.0 000     0.0 000    0.21 000 
 2008 06 24 1200 85123   -13.720   -65.580   144.    8.00 000   160. 000   14.4 000   12.5 000 100260.0 000 101980.0 000     0.0 000    0.22 000 
 2008 06 24 1200 85140   -14.300   -67.370   280.    4.00 000   170. 000   15.6 000   12.8 000 100080.0 000 102250.0 000     0.0 000    0.22 000 
 2008 06 24 1200 85141   -14.480   -67.480   202.    4.00 000   120. 000   15.9 000   11.2 000  99770.0 000 102130.0 000     0.0 000    0.23 000 
 2008 06 24 1200 85152   -14.870   -66.750   194.    4.00 000   170. 000   14.8 000   12.4 000  99600.0 000 101860.0 000     0.0 000    0.22 000 
 2008 06 24 1200 85153   -14.970   -65.630   241.    4.00 000   180. 000   14.4 000   12.3 000 100080.0 000 102010.0 000     0.0 000    0.23 000 
 2008 06 24 1200 85154   -14.850   -64.950   157.   10.00 000   140. 000   15.4 000   10.5 000 100100.0 000 101950.0 000     0.0 000    0.23 000 
 2008 06 24 1200 85175   -15.720   -63.100   247.   13.00 000   170. 000   14.7 000    8.5 000  99280.0 000 102180.0 000     0.0 000    0.23 000 
 2008 06 24 1200 85195   -16.270   -62.470   520.    8.00 000   180. 000   11.5 000    8.8 000  96100.0 000 102180.0 000     0.0 000    0.23 000 
 2008 06 24 1200 85196   -16.250   -62.100   497.   10.00 000   180. 000   12.2 000    8.6 000  96430.0 000 102270.0 000     0.0 000    0.23 000 
 2008 06 24 1200 85201   -16.520   -68.180  4014.    0.00 000     0. 000   -1.0 000   -5.4 000  63160.0 000   -999.0 000     0.0 000    0.22 000 
 2008 06 24 1200 85207   -16.370   -60.950   413.    3.00 000   160. 000   12.5 000   10.2 000  97540.0 000 102380.0 000     0.0 000    0.23 000 
 2008 06 24 1200 85210   -16.380   -58.320   124.    0.00 000     0. 000   17.2 000   14.0 000 101450.0 000 102620.0 000     0.0 000    0.23 000 
 2008 06 24 1200 85223   -17.450   -66.100  2531.    0.00 000     0. 000    5.0 000    2.9 000  75300.0 000  71380.0 000     0.0 000    0.21 000 
 2008 06 24 1200 85242   -18.050   -67.070  3702.    0.00 000     0. 000   -5.2 000   -7.6 000  65810.0 000   -999.0 000     0.0 000    0.22 000 
 2008 06 24 1200 85244   -17.650   -63.130   373.   14.00 000   160. 000   13.4 000    7.1 000  97900.0 000 102400.0 000     0.0 000    0.22 000 
 2008 06 24 1200 85245   -17.800   -63.170   414.   15.00 000   180. 000   12.5 000    6.9 000  97340.0 000 102390.0 000     0.0 000    0.23 000 
 2008 06 24 1200 85247   -17.830   -60.750   284.    4.00 000   170. 000   14.0 000    8.6 000  99030.0 000 102400.0 000     0.0 000    0.23 000 
 2008 06 24 1200 85264   -18.500   -64.100  1998.    0.00 000     0. 000   11.8 000   10.9 000  71630.0 000   -999.0 000     0.0 000    0.23 000 
 2008 06 24 1200 85268   -18.320   -59.750   284.    0.00 000     0. 000   13.0 000   10.4 000  99280.0 000 102570.0 000     0.0 000    0.22 000 
 2008 06 24 1200 85283   -19.020   -65.270  2903.    4.00 000   150. 000    8.7 000   -0.4 000  72230.0 000  71520.0 000     0.0 000    0.21 000 
 2008 06 24 1200 85289   -19.000   -57.730   135.    4.00 000   270. 000   14.7 000   11.8 000 100500.0 000 102000.0 000     0.0 000    0.21 000 
 2008 06 24 1200 85293   -19.530   -65.720  3934.    5.00 000   240. 000    0.5 000   -7.6 000  63880.0 000   -999.0 000     0.0 000    0.22 000 
 2008 06 24 1200 85312   -19.830   -64.000   992.    0.00 000     0. 000    7.2 000    6.4 000  89800.0 000   -999.0 000     0.0 000    0.23 000 
 2008 06 24 1200 85315   -20.050   -63.570   792.    0.00 000     0. 000    9.1 000    7.8 000  93300.0 000 102640.0 000     0.0 000    0.23 000 
 2008 06 24 1200 85345   -21.270   -63.500   400.    0.00 000     0. 000   11.3 000    9.2 000  97800.0 000 102310.0 000     0.0 000    0.22 000 
 2008 06 24 1200 85364   -21.530   -64.720  1858.    0.00 000     0. 000    0.6 000   -0.9 000  82030.0 000  81430.0 000     0.0 000    0.23 000 
 2008 06 24 1200 85365   -22.020   -63.700   617.    0.00 000     0. 000    8.8 000    7.0 000  94960.0 000 102520.0 000     0.0 000    0.23 000 
 2008 06 24 1200 85394   -22.750   -63.380   381.    0.00 000     0. 000    9.4 000    8.6 000  97950.0 000 102600.0 000     0.0 000    0.23 000 
 2008 06 24 1200 85406   -18.350   -70.330    59.    6.00 000    70. 000   14.6 000    9.7 000   -999.0 000 101550.0 000     0.0 000    0.23 000 
 2008 06 24 1200 85418   -20.530   -70.180    52.    0.00 000     0. 000   12.6 000   10.0 000   -999.0 000 101590.0 000     0.0 000    0.20 000 
 2008 06 24 1200 85442   -23.430   -70.450   120.    4.00 000   200. 000   12.2 000    8.1 000   -999.0 000 101600.0 000     0.0 000    0.21 000 
 2008 06 24 1200 85442   -23.430   -70.450   120.    4.00 000   200. 000   12.2 000    8.1 000   -999.0 000 101600.0 000     0.0 000    0.21 000 
 2008 06 24 1200 85469   -27.170  -109.400    47.    2.00 000   110. 000   16.2 000   13.9 000   -999.0 000 102170.0 000     0.0 000    0.22 000 
 2008 06 24 1200 85488   -29.920   -71.200   146.    4.00 000   130. 000    7.4 000    5.4 000   -999.0 000 101810.0 000     0.0 000    0.20 000 
 2008 06 24 1200 85574   -33.380   -70.780   476.    4.00 000    50. 000    0.5 000   -0.3 000  96360.0 000 102200.0 000     0.0 000    0.22 000 
 2008 06 24 1200 85577   -33.430   -70.680   520.    0.00 000     0. 000    1.8 000    1.7 000  95820.0 000 102210.0 000     0.0 000    0.22 000 
 2008 06 24 1200 85585   -33.620   -78.820    30.    4.00 000   340. 000   14.0 000   12.1 000   -999.0 000 101610.0 000     0.0 000    0.23 000 
 2008 06 24 1200 85682   -36.770   -73.070    16.    5.00 000   160. 000    5.9 000    5.6 000   -999.0 000 102020.0 000     0.0 000    0.22 000 
 2008 06 24 1200 85864   -45.600   -72.100   311.    8.00 000    30. 000    5.7 000    5.1 000   -999.0 000 101640.0 000     0.0 000    0.23 000 
 2008 06 24 1200 85874   -45.920   -71.700   524.   10.00 000   310. 000    3.0 000    1.1 000  95290.0 000 101670.0 000     0.0 000    0.24 000 
 2008 06 24 1200 85934   -53.000   -70.850    37.    1.00 000   990. 000   -0.3 000   -0.8 000  99840.0 000 100370.0 000     0.0 000    0.22 000 
 2008 06 24 1200 86011   -19.530   -59.370   150.    2.00 000   230. 000   12.2 000    9.8 000   -999.0 000 102580.0 000     0.0 000    0.23 000 
 2008 06 24 1200 86065   -22.700   -61.500   220.    2.00 000   180. 000   11.4 000    9.0 000   -999.0 000 102540.0 000     0.0 000    0.23 000 
 2008 06 24 1200 86068   -22.020   -60.600   181.    3.00 000   210. 000   12.2 000    8.1 000   -999.0 000 102390.0 000     0.0 000    0.22 000 
 2008 06 24 1200 86086   -22.280   -57.870    87.    3.00 000   180. 000   12.8 000    9.6 000   -999.0 000 102440.0 000     0.8 000    0.22 000 
 2008 06 24 1200 86097   -22.580   -55.650   662.    3.00 000    80. 000   12.4 000   11.8 000   -999.0 000 102290.0 000     0.0 000    0.22 000 
 2008 06 24 1200 86134   -23.420   -57.300    74.    2.00 000   230. 000   13.6 000   10.1 000   -999.0 000 102300.0 000     0.0 000    0.22 000 
 2008 06 24 1200 86192   -24.650   -56.430     0.    0.00 000     0. 000   15.2 000   11.0 000   -999.0 000 102380.0 000     0.0 000    0.23 000 
 2008 06 24 1200 86218   -25.270   -57.630   101.    4.00 000   180. 000   13.2 000    9.2 000   -999.0 000 102360.0 000     0.0 000    0.23 000 
 2008 06 24 1200 86233   -25.750   -56.430   161.    3.00 000   180. 000   11.4 000    8.8 000   -999.0 000 102230.0 000     0.0 000    0.23 000 
 2008 06 24 1200 86255   -26.850   -58.320    56.    4.00 000   180. 000    8.0 000    5.8 000   -999.0 000 102410.0 000     0.0 000    0.22 000 
 2008 06 24 1200 86260   -26.670   -57.150   126.    0.00 000     0. 000   14.0 000   11.4 000   -999.0 000 102150.0 000     0.0 000    0.22 000 
 2008 06 24 1200 86297   -27.320   -55.830    91.    3.00 000   140. 000    8.0 000    6.3 000   -999.0 000 102290.0 000     0.0 000    0.20 000 
 2008 06 24 1200 86330   -30.380   -56.500   123.    5.00 000   100. 000    8.6 000    8.2 000   -999.0 000 102680.0 000     0.0 000    0.23 000 
 2008 06 24 1200 86360   -31.380   -57.950    34.    5.00 000   170. 000    4.0 000    3.5 000   -999.0 000 102790.0 000     0.0 000    0.21 000 
 2008 06 24 1200 86460   -32.800   -56.520    75.    0.00 000     0. 000    5.2 000    5.2 000   -999.0 000 102940.0 000     0.0 000    0.23 000 
 2008 06 24 1200 86490   -33.250   -58.070    22.    0.00 000     0. 000    1.2 000    0.7 000   -999.0 000 102920.0 000     0.0 000    0.21 000 
 2008 06 24 1200 86530   -33.350   -56.500    93.    0.00 000     0. 000    2.4 000    2.4 000   -999.0 000 103020.0 000     0.0 000    0.22 000 
 2008 06 24 1200 86545   -34.050   -56.130    97.    0.00 000     0. 000    1.8 000    1.3 000   -999.0 000 102980.0 000     0.0 000    0.25 000 
 2008 06 24 1200 86565   -34.480   -54.300    18.    0.00 000     0. 000    8.2 000    7.8 000   -999.0 000 103060.0 000     0.0 000    0.23 000 
 2008 06 24 1200 86580   -34.830   -56.000    32.    0.00 000     0. 000    2.0 000    2.0 000   -999.0 000 103080.0 000     0.0 000    0.25 000 
 2008 06 24 1200 87022   -22.650   -63.820   450.    0.00 000     0. 000    8.8 000    7.1 000  97230.0 000 102560.0 000     0.0 000    0.23 000 
 2008 06 24 1200 87046   -24.380   -65.080  1167.    2.00 000   360. 000    7.0 000    4.9 000  91980.0 000  85530.0 000     0.0 000    0.23 000 
 2008 06 24 1200 87047   -24.850   -65.480  1216.    2.00 000    70. 000    5.5 000   -0.1 000  88610.0 000  85610.0 000     0.0 000    0.23 000 
 2008 06 24 1200 87097   -25.730   -54.470   270.    0.00 000     0. 000   13.2 000   13.2 000  99220.0 000 102430.0 000     5.0 000    0.23 000 
 2008 06 24 1200 87121   -26.850   -65.100   450.    0.00 000     0. 000    7.6 000    5.0 000  97300.0 000 102690.0 000     0.0 000    0.23 000 
 2008 06 24 1200 87129   -27.770   -64.300   199.    1.00 000   230. 000    1.6 000   -0.1 000 100380.0 000 102820.0 000     0.0 000    0.21 000 
 2008 06 24 1200 87155   -27.450   -59.050    52.    4.00 000   180. 000    7.4 000    6.5 000 101890.0 000 102530.0 000     0.0 000    0.22 000 
 2008 06 24 1200 87162   -26.200   -58.230    60.    6.00 000   160. 000    9.5 000    7.6 000 101690.0 000 102430.0 000     0.0 000    0.22 000 
 2008 06 24 1200 87166   -27.450   -58.770    62.    7.00 000   160. 000    7.6 000    5.4 000 101800.0 000 102550.0 000     0.0 000    0.22 000 
 2008 06 24 1200 87178   -27.370   -55.970   125.    4.00 000   140. 000    8.7 000    6.3 000 100860.0 000 102380.0 000     0.0 000    0.20 000 
 2008 06 24 1200 87217   -29.380   -66.820   429.    5.00 000   230. 000    5.5 000    3.4 000  97430.0 000 102610.0 000     0.0 000    0.23 000 
 2008 06 24 1200 87222   -28.600   -65.770   454.    0.00 000     0. 000    6.2 000    1.9 000  97010.0 000 102420.0 000     0.0 000    0.22 000 
 2008 06 24 1200 87244   -29.900   -63.680   341.    0.00 000     0. 000   -3.4 000   -5.4 000  98780.0 000 103060.0 000     0.0 000    0.20 000 
 2008 06 24 1200 87257   -29.880   -61.950    88.    0.00 000     0. 000    2.6 000    1.6 000 101740.0 000 102830.0 000     0.0 000    0.20 000 
 2008 06 24 1200 87289   -29.680   -57.150    70.    6.00 000   180. 000    7.4 000    7.0 000 101820.0 000 102690.0 000     0.0 000    0.20 000 
 2008 06 24 1200 87311   -31.570   -68.420   598.    0.00 000     0. 000   -2.9 000   -3.3 000  95490.0 000 102750.0 000     0.0 000    0.20 000 
 2008 06 24 1200 87320   -30.370   -66.300   457.    4.00 000   140. 000    4.4 000    1.0 000  97100.0 000 102660.0 000     0.0 000    0.22 000 
 2008 06 24 1200 87328   -31.950   -65.130   569.    0.00 000     0. 000    4.2 000    3.1 000  95890.0 000 102760.0 000     0.0 000    0.23 000 
 2008 06 24 1200 87344   -31.320   -64.220   474.    7.00 000    20. 000    7.1 000    2.7 000  97010.0 000 102730.0 000     0.0 000    0.22 000 
 2008 06 24 1200 87349   -31.670   -63.880   338.    0.00 000     0. 000   -1.3 000   -3.9 000  98730.0 000 102910.0 000     0.0 000    0.21 000 
 2008 06 24 1200 87371   -31.700   -60.820    18.    0.00 000     0. 000    6.8 000    4.3 000 102740.0 000 102960.0 000     0.0 000    0.21 000 
 2008 06 24 1200 87374   -31.780   -60.480    78.    6.00 000    90. 000    3.8 000    3.3 000 102000.0 000 102960.0 000     0.0 000    0.20 000 
 2008 06 24 1200 87393   -30.250   -57.650    54.    0.00 000     0. 000    5.2 000    4.7 000 102180.0 000 102860.0 000     0.0 000    0.23 000 
 2008 06 24 1200 87395   -31.300   -58.020    38.    0.00 000     0. 000    5.5 000    5.0 000 102380.0 000 102850.0 000     0.0 000    0.21 000 
 2008 06 24 1200 87416   -33.080   -68.420   653.    0.00 000     0. 000   -1.5 000   -3.6 000  94780.0 000 102690.0 000     0.0 000    0.20 000 
 2008 06 24 1200 87418   -32.830   -68.780   704.    0.00 000     0. 000   -1.1 000   -1.8 000  94180.0 000 102650.0 000     0.0 000    0.21 000 
 2008 06 24 1200 87436   -33.270   -66.350   702.    5.00 000    90. 000    0.0 000   -2.1 000  94160.0 000 102800.0 000     0.0 000    0.21 000 
 2008 06 24 1200 87453   -33.120   -64.230   421.    3.00 000   360. 000    2.3 000    0.2 000  97620.0 000 102790.0 000     0.0 000    0.20 000 
 2008 06 24 1200 87480   -32.920   -60.780    25.    3.00 000   160. 000    0.9 000    0.9 000 102640.0 000 102950.0 000     0.0 000    0.20 000 
 2008 06 24 1200 87497   -33.000   -58.620    21.    0.00 000     0. 000    5.1 000    4.2 000 102730.0 000 102990.0 000     0.0 000    0.25 000 
 2008 06 24 1200 87509   -34.580   -68.400   748.    0.00 000     0. 000   -0.6 000   -3.0 000  93580.0 000 102580.0 000     0.0 000    0.22 000 
 2008 06 24 1200 87534   -34.130   -63.370   137.    0.00 000     0. 000    0.1 000   -0.5 000 101180.0 000 102890.0 000     0.0 000    0.20 000 
 2008 06 24 1200 87548   -34.550   -60.950    81.    0.00 000     0. 000    0.5 000   -0.1 000 101970.0 000 102990.0 000     0.0 000    0.20 000 
 2008 06 24 1200 87563   -36.070   -59.100    38.    0.00 000     0. 000    5.5 000    5.5 000 102560.0 000 103010.0 000     0.0 000    0.25 000 
 2008 06 24 1200 87576   -34.820   -58.530    20.    0.00 000     0. 000    6.0 000    5.8 000 102890.0 000 103140.0 000     0.0 000    0.22 000 
 2008 06 24 1200 87582   -34.570   -58.420     6.    6.00 000   110. 000    9.5 000    8.1 000 103060.0 000 103130.0 000     0.0 000    0.23 000 
 2008 06 24 1200 87593   -34.970   -57.900    19.    0.00 000     0. 000    5.6 000    5.1 000 102850.0 000 103140.0 000     0.0 000    0.23 000 
 2008 06 24 1200 87623   -36.570   -64.270   191.    7.00 000   360. 000    1.0 000    0.5 000 100400.0 000 102780.0 000     0.0 000    0.20 000 
 2008 06 24 1200 87641   -36.830   -59.880   147.    0.00 000     0. 000    3.0 000    2.8 000 101360.0 000 103210.0 000     0.0 000    0.23 000 
 2008 06 24 1200 87645   -37.230   -59.250   175.    0.00 000     0. 000    4.2 000    3.2 000 101000.0 000 103160.0 000     0.0 000    0.23 000 
 2008 06 24 1200 87648   -36.350   -57.730     9.    2.00 000    50. 000    3.0 000    2.3 000 103150.0 000 103260.0 000     0.0 000    0.22 000 
 2008 06 24 1200 87688   -38.330   -60.250   115.    5.00 000   360. 000    5.6 000    3.2 000 101620.0 000 103050.0 000     0.0 000    0.23 000 
 2008 06 24 1200 87692   -37.930   -57.580    21.    3.00 000   290. 000   -0.5 000   -1.4 000 102980.0 000 103250.0 000     0.0 000    0.21 000 
 2008 06 24 1200 87715   -38.950   -68.130   271.    2.00 000   360. 000    4.8 000    3.4 000  99220.0 000 102560.0 000     0.0 000    0.23 000 
 2008 06 24 1200 87750   -38.730   -62.170    83.    6.00 000   320. 000    3.4 000   -0.4 000 101760.0 000 102790.0 000     0.0 000    0.20 000 
 2008 06 24 1200 87765   -41.150   -71.170   840.    5.00 000   140. 000    0.3 000   -2.0 000  92490.0 000  85130.0 000     0.0 000    0.23 000 
 2008 06 24 1200 87774   -41.250   -68.730   888.    0.00 000     0. 000    0.0 000   -2.9 000  91890.0 000  85120.0 000     0.0 000    0.22 000 
 2008 06 24 1200 87784   -40.730   -64.950     7.   18.00 000   320. 000    1.0 000    1.6 000 102220.0 000 102480.0 000     0.0 000    0.21 000 
 2008 06 24 1200 87791   -40.850   -63.020     7.    4.00 000   320. 000    3.2 000    2.4 000 102460.0 000 102550.0 000     0.0 000    0.20 000 
 2008 06 24 1200 87803   -42.970   -71.150   794.    7.00 000    20. 000   -2.8 000   -4.1 000  92620.0 000 102310.0 000     0.0 000    0.25 000 
 2008 06 24 1200 87828   -43.200   -65.270    43.    4.00 000   290. 000   -2.4 000   -3.3 000 101640.0 000 102180.0 000     0.0 000    0.21 000 
 2008 06 24 1200 87852   -46.520   -71.020   429.   10.00 000   320. 000    3.6 000    1.1 000  96180.0 000 101390.0 000     0.0 000    0.21 000 
 2008 06 24 1200 87860   -45.780   -67.500    46.   11.00 000   270. 000    6.4 000   -1.3 000 101140.0 000 101710.0 000     0.0 000    0.22 000 
 2008 06 24 1200 87909   -49.320   -67.780    62.    8.00 000   250. 000    7.0 000    1.6 000 100220.0 000 100980.0 000     0.0 000    0.22 000 
 2008 06 24 1200 87925   -51.620   -69.280    19.    2.00 000   290. 000    2.2 000   -0.8 000 100290.0 000 100530.0 000     0.0 000    0.21 000 
 2008 06 24 1200 87938   -54.800   -68.320    14.    6.00 000   320. 000    4.9 000   -0.4 000  99480.0 000 100180.0 000     0.0 000    0.22 000 
 2008 06 24 1200 88878   -51.320   -59.600    16.   10.00 000   340. 000    5.5 000    5.5 000   -999.0 000 101610.0 000     0.0 000    0.24 000 
 2008 06 24 1200 88883   -51.900   -60.920    17.   13.00 000   340. 000    5.3 000    4.2 000   -999.0 000 101210.0 000     0.0 000    0.24 000 
 2008 06 24 1200 88889   -51.820   -58.450    73.   12.00 000    10. 000    5.1 000    4.9 000 100970.0 000 101830.0 000     0.0 000    0.23 000 
 2008 06 24 1200 88903   -54.270   -36.500     3.    6.00 000    60. 000    2.1 000   -2.1 000 101850.0 000 101880.0 000     0.0 000    0.24 000 
 2008 06 24 1200 88963   -63.400   -56.980    13.   12.00 000   320. 000    0.6 000   -0.1 000 100360.0 000 100650.0 000     0.0 000    0.22 000 
 2008 06 24 1200 88968   -60.750   -44.720     6.   10.00 000    50. 000    0.2 000   -0.9 000 101530.0 000 101680.0 000     0.0 000    0.23 000 
 2008 06 24 1200 88968   -60.750   -44.720     6.    0.00 000     0. 000    0.0 000    0.0 000   -999.0 000   -999.0 000     0.0 000    0.23 000 
 2008 06 24 1200 89009   -90.000     0.000  2830.    4.00 000    50. 000  -62.5 000    0.0 000  67750.0 000   -999.0 000     0.0 000    0.21 000 
 2008 06 24 1200 89022   -75.500   -26.650    30.    4.00 000   250. 000  -36.0 000  -39.8 000 100150.0 000 100580.0 000     0.0 000    0.24 000 
 2008 06 24 1200 89034   -77.870   -34.620   251.    0.00 000     0. 000  -18.0 000  -24.5 000  97170.0 000 100590.0 000     0.0 000    0.22 000 
 2008 06 24 1200 89050   -62.200   -58.930    16.    7.00 000    50. 000    0.8 000    0.3 000   -999.0 000 100700.0 000     0.0 000    0.23 000 
 2008 06 24 1200 89054   -62.170   -58.830    10.   19.00 000   340. 000    1.2 000    0.7 000   -999.0 000 100750.0 000     0.0 000    0.23 000 
 2008 06 24 1200 89055   -64.230   -56.720   198.   20.00 000   320. 000    0.7 000   -4.3 000  97930.0 000 100370.0 000     0.0 000    0.22 000 
 2008 06 24 1200 89056   -62.180   -58.980    10.   21.00 000    20. 000    0.1 000   -0.3 000   -999.0 000  69980.0 000     0.0 000    0.23 000 
 2008 06 24 1200 89057   -62.500   -59.680     5.   10.00 000    10. 000    0.0 000   -0.3 000   -999.0 000  30200.0 000     0.0 000    0.23 000 
 2008 06 24 1200 89058   -62.220   -58.970    10.   20.00 000   360. 000    0.7 000   -0.4 000 100340.0 000 100790.0 000     0.0 000    0.23 000 
 2008 06 24 1200 89059   -63.320   -57.900    10.    1.00 000    80. 000   -1.0 000   -1.7 000   -999.0 000  31250.0 000     0.0 000    0.23 000 
 2008 06 24 1200 89061   -64.770   -64.080     8.    4.00 000   330. 000    3.3 000   -1.6 000  99770.0 000  99840.0 000     0.0 000    0.20 000 
 2008 06 24 1200 89062   -67.570   -68.130    16.   26.00 000    30. 000    0.9 000   -1.3 000  98800.0 000  99210.0 000     0.0 000    0.23 000 
 2008 06 24 1200 89063   -65.250   -64.270    11.   14.00 000   100. 000    2.3 000   -3.5 000  99630.0 000  99750.0 000     0.0 000    0.22 000 
 2008 06 24 1200 89066   -68.130   -67.130     4.    0.00 000     0. 000    2.0 000   -2.8 000  99420.0 000  99510.0 000     0.0 000    0.23 000 
 2008 06 24 1200 89251   -62.220   -58.750    11.   19.00 000   360. 000    2.3 000    0.0 000   -999.0 000 100500.0 000     0.0 000    0.23 000 
 2008 06 24 1200 89253   -63.180   -55.400    75.   13.00 000   320. 000   -2.4 000    0.0 000   -999.0 000 101340.0 000     0.0 000    0.24 000 
 2008 06 24 1200 89512   -70.770    11.830   102.   32.00 000   120. 000  -26.6 000  -34.6 000  97300.0 000  98910.0 000     0.0 000    0.23 000 
 2008 06 24 1200 89532   -69.000    39.580    21.    3.00 000   290. 000  -26.4 000  -29.2 000  99490.0 000  99790.0 000     0.0 000    0.23 000 
 2008 06 24 1200 89564   -67.600    62.870    16.   22.00 000   160. 000  -25.9 000  -34.9 000  98790.0 000  99000.0 000     0.0 000    0.21 000 
 2008 06 24 1200 89568   -76.000    65.000  2342.    0.00 000   130. 000  -44.0 000    0.0 000  71870.0 000   -999.0 000     0.0 000    0.24 000 
 2008 06 24 1200 89571   -68.570    77.950    13.    0.00 000     0. 000  -14.6 000  -17.7 000  98120.0 000  98420.0 000     0.0 000    0.24 000 
 2008 06 24 1200 89574   -69.400    76.400    64.    7.00 000    80. 000  -13.4 000  -21.0 000   -999.0 000  98450.0 000     0.0 000    0.22 000 
 2008 06 24 1200 89577   -75.850    71.480  2356.    0.00 000   190. 000  -71.1 000    0.0 000   -999.0 000   -999.0 000     0.0 000    0.24 000 
 2008 06 24 1200 89592   -66.550    93.020    30.   10.00 000   160. 000  -17.8 000  -20.4 000   -999.0 000  98030.0 000     0.2 000    0.21 000 
 2008 06 24 1200 89606   -78.450   106.870  3420.    6.00 000   280. 000  -72.9 000  -76.5 000  62070.0 000  77050.0 000     0.0 000    0.20 000 
 2008 06 24 1200 89611   -66.280   110.520    41.    5.00 000   320. 000   -9.9 000  -11.3 000  96610.0 000  97150.0 000     0.0 000    0.23 000 
 2008 06 24 1200 89642   -66.670   140.020    43.   68.00 000   180. 000  -16.8 000  -26.9 000  96610.0 000  97160.0 000     0.0 000    0.21 000 
 2008 06 24 1200 89661   -73.050   169.600   201.   33.00 000   230. 000  -25.2 000    0.0 000  92230.0 000   -999.0 000     0.0 000    0.24 000 
 2008 06 24 1200 89662   -74.700   164.100    80.   26.00 000   230. 000  -24.4 000    0.0 000  98470.0 000   -999.0 000     0.0 000    0.24 000 
 2008 06 24 1200 89664   -77.850   166.670    34.   10.00 000    70. 000  -25.1 000  -31.1 000  99440.0 000  99890.0 000     0.0 000    0.20 000 
 2008 06 24 1200 89666   -76.720   162.970   201.   23.00 000   200. 000  -25.7 000    0.0 000  97700.0 000   -999.0 000     0.0 000    0.24 000 
 2008 06 24 1200 89734   -77.320    39.700  3810.   37.00 000    70. 000    0.0 000    0.0 000   -999.0 000   -999.0 000     0.0 000    0.24 000 
 2008 06 24 1200 89762   -68.650    60.550  1850.    0.00 000   100. 000  -29.8 000    0.0 000  76890.0 000   -999.0 000     0.0 000    0.24 000 
 2008 06 24 1200 89807   -66.550   107.750    42.    0.00 000     0. 000    0.0 000    0.0 000  96380.0 000   -999.0 000     0.0 000    0.24 000 
 2008 06 24 1200 89811   -66.720   112.930  1362.   33.00 000   110. 000  -22.9 000    0.0 000  81080.0 000   -999.0 000     0.0 000    0.24 000 
