20080624  82042   1.83 -61.13 1200.   12.00
20080624  82098   0.03 -51.05 1200.    0.00
20080624  82106  -0.13 -67.08 1200.   20.00
20080624  82113  -0.98 -62.93 1200.    0.00
20080624  82141  -0.67 -48.55 1200.    0.00
20080624  82143  -0.62 -47.38 1200.    0.00
20080624  82145  -1.08 -46.90 1200.    0.00
20080624  82181  -2.00 -54.07 1200.    0.00
20080624  82184  -1.73 -52.23 1200.    0.00
20080624  82193  -1.38 -48.48 1200.    0.00
20080624  82198  -1.72 -45.40 1200.    0.00
20080624  82212  -2.53 -66.17 1200.    0.00
20080624  82240  -2.63 -56.73 1200.    2.00
20080624  82246  -2.63 -54.95 1200.    0.00
20080624  82281  -2.60 -44.23 1200.    0.00
20080624  82287  -2.92 -41.60 1200.    0.00
20080624  82317  -3.37 -64.68 1200.   47.00
20080624  82336  -3.13 -58.43 1200.    0.00
20080624  82353  -3.20 -52.20 1200.    0.00
20080624  82361  -3.72 -49.72 1200.    0.00
20080624  82392  -3.70 -40.35 1200.    0.00
20080624  82398  -3.78 -38.53 1200.    0.20
20080624  82400  -3.85 -32.42 1200.    4.00
20080624  82410  -4.38 -70.03 1200.    4.00
20080624  82425  -4.08 -63.08 1200.    8.00
20080624  82445  -4.27 -55.97 1200.    0.00
20080624  82460  -4.25 -44.82 1200.    0.00
20080624  82476  -4.85 -43.33 1200.    0.00
20080624  82533  -5.82 -61.30 1200.    0.00
20080624  82562  -5.35 -49.15 1200.    0.00
20080624  82571  -5.50 -45.27 1200.    0.00
20080624  82579  -5.05 -42.82 1200.    0.00
20080624  82583  -5.17 -40.67 1200.    0.00
20080624  82586  -5.20 -39.30 1200.    0.00
20080624  82594  -5.12 -36.63 1200.    0.00
20080624  82599  -5.92 -35.25 1200.    0.10
20080624  82610  -6.67 -69.87 1200.    0.00
20080624  82678  -6.77 -43.02 1200.    0.00
20080624  82683  -6.00 -40.42 1200.    0.00
20080624  82704  -7.63 -72.67 1200.    0.20
20080624  82723  -7.25 -64.83 1200.    0.00
20080624  82765  -7.33 -47.47 1200.    0.00
20080624  82780  -7.08 -41.12 1200.    0.00
20080624  82784  -7.32 -39.30 1200.    0.00
20080624  82789  -7.85 -38.13 1200.    0.40
20080624  82795  -7.22 -35.88 1200.    0.20
20080624  82807  -8.17 -70.77 1200.    1.00
20080624  82824  -8.77 -63.92 1200.    0.00
20080624  82861  -8.25 -49.20 1200.    0.00
20080624  82863  -8.97 -48.18 1200.    0.00
20080624  82879  -8.35 -42.25 1200.    0.00
20080624  82893  -8.88 -36.52 1200.    3.00
20080624  82899  -8.07 -34.85 1200.   44.00
20080624  82917 -10.00 -67.80 1200.    0.00
20080624  82965  -9.33 -54.95 1200.    0.00
20080624  82979  -9.63 -42.10 1200.    0.00
20080624  82983  -9.38 -40.48 1200.    5.00
20080624  82986  -9.40 -38.22 1200.    1.00
20080624  82993  -9.52 -35.78 1200.    7.00
20080624  83064 -10.52 -48.72 1200.    0.00
20080624  83096 -10.92 -37.05 1200.    7.00
20080624  83179 -11.08 -43.17 1200.    0.00
20080624  83182 -11.30 -41.87 1200.    0.00
20080624  83186 -11.18 -40.47 1200.    9.00
20080624  83192 -11.08 -38.50 1200.    6.00
20080624  83208 -12.73 -60.13 1200.    0.00
20080624  83214 -10.25 -54.92 1200.    0.00
20080624  83228 -12.02 -48.53 1200.    0.00
20080624  83235 -12.27 -46.43 1200.    0.00
20080624  83236 -12.15 -45.00 1200.    0.00
20080624  83242 -12.57 -41.38 1200.    2.00
20080624  83248 -12.90 -38.33 1200.    2.00
20080624  83264 -12.20 -56.50 1200.    0.00
20080624  83270 -13.33 -52.50 1200.    0.00
20080624  83288 -13.27 -43.42 1200.    0.00
20080624  83309 -14.40 -56.45 1200.    0.00
20080624  83319 -14.70 -52.35 1200.    0.00
20080624  83332 -14.10 -46.37 1200.    0.00
20080624  83339 -14.05 -42.62 1200.    0.00
20080624  83344 -14.95 -40.88 1200.    0.00
20080624  83349 -14.80 -39.02 1200.    0.00
20080624  83358 -15.70 -54.30 1200.    0.00
20080624  83362 -15.65 -56.10 1200.    0.00
20080624  83368 -15.90 -52.23 1200.    0.00
20080624  83374 -15.92 -50.13 1200.    0.00
20080624  83378 -15.87 -47.93 1200.    0.00
20080624  83384 -15.90 -46.05 1200.    0.00
20080624  83386 -15.43 -44.37 1200.    0.00
20080624  83388 -15.15 -42.88 1200.    0.00
20080624  83393 -16.00 -41.28 1200.    0.00
20080624  83398 -15.67 -38.93 1200.    0.70
20080624  83405 -16.05 -57.68 1200.    0.00
20080624  83423 -16.68 -49.28 1200.    0.00
20080624  83437 -16.72 -43.87 1200.    0.00
20080624  83442 -16.85 -41.98 1200.    0.00
20080624  83470 -17.92 -50.92 1200.    0.00
20080624  83479 -17.22 -46.88 1200.    0.00
20080624  83483 -17.35 -44.95 1200.    0.00
20080624  83492 -17.85 -41.50 1200.    0.00
20080624  83497 -17.63 -39.25 1200.   17.00
20080624  83498 -17.73 -39.25 1200.   23.00
20080624  83526 -18.17 -47.97 1200.    0.00
20080624  83531 -18.60 -46.52 1200.    0.00
20080624  83538 -18.23 -43.60 1200.    0.00
20080624  83550 -18.70 -39.85 1200.    0.00
20080624  83552 -19.00 -57.65 1200.    0.00
20080624  83565 -19.70 -51.18 1200.    0.00
20080624  83566 -19.62 -43.57 1200.    0.00
20080624  83574 -20.03 -48.93 1200.    0.00
20080624  83579 -19.57 -46.93 1200.    2.00
20080624  83582 -20.02 -45.98 1200.    0.00
20080624  83592 -19.80 -42.15 1200.    0.00
20080624  83595 -19.48 -41.07 1200.    0.00
20080624  83597 -19.40 -40.07 1200.    0.00
20080624  83612 -20.47 -54.67 1200.    0.00
20080624  83618 -20.78 -51.63 1200.    0.00
20080624  83623 -20.42 -49.98 1200.    0.00
20080624  83630 -20.55 -47.43 1200.    0.00
20080624  83649 -20.27 -40.28 1200.    0.00
20080624  83650 -20.50 -29.32 1200.    0.00
20080624  83676 -21.13 -48.97 1200.    0.00
20080624  83687 -21.23 -45.00 1200.    0.00
20080624  83692 -21.77 -43.35 1200.    2.00
20080624  83695 -21.20 -41.88 1200.    0.30
20080624  83698 -21.75 -41.33 1200.    1.00
20080624  83700 -22.05 -41.05 1200.    0.00
20080624  83704 -22.32 -53.93 1200.    0.00
20080624  83716 -22.12 -51.38 1200.    0.00
20080624  83718 -22.03 -42.37 1200.    8.00
20080624  83726 -22.02 -47.88 1200.    0.00
20080624  83738 -22.48 -44.47 1200.    4.00
20080624  83746 -22.82 -43.25 1200.    4.00
20080624  83766 -23.38 -51.18 1200.   10.00
20080624  83780 -23.62 -46.65 1200.    0.00
20080624  83783 -24.05 -52.37 1200.    0.00
20080624  83811 -24.40 -50.83 1200.    0.60
20080624  83821 -24.72 -47.55 1200.    0.20
20080624  83827 -25.52 -54.58 1200.    0.00
20080624  83836 -25.47 -50.63 1200.    0.10
20080624  83840 -25.52 -49.17 1200.    0.00
20080624  83844 -25.52 -48.52 1200.    0.30
20080624  83881 -27.18 -53.23 1200.    0.00
20080624  83887 -27.40 -51.20 1200.    0.00
20080624  83899 -27.67 -48.55 1200.    0.00
20080624  83907 -28.40 -55.02 1200.    0.00
20080624  83914 -28.25 -52.40 1200.    0.00
20080624  83919 -28.67 -50.43 1200.    0.00
20080624  83927 -29.75 -57.08 1200.    0.00
20080624  83936 -29.70 -53.70 1200.    0.00
20080624  83948 -29.33 -49.72 1200.    2.00
20080624  83964 -30.53 -52.52 1200.    0.10
20080624  83970 -31.25 -50.90 1200.    0.00
20080624  83971 -30.00 -51.18 1200.    0.30
20080624  83980 -31.33 -54.10 1200.    0.00
20080624  83995 -32.02 -52.08 1200.    0.00
20080624  83997 -33.52 -53.35 1200.    0.10
20080624  84008  -0.90 -89.60 1200.    0.00
20080624  84018   0.97 -79.63 1200.    0.00
20080624  84043   0.35 -78.13 1200.    0.00
20080624  84071  -0.15 -78.48 1200.    0.00
20080624  84117  -0.95 -80.68 1200.    0.00
20080624  84123  -0.92 -78.62 1200.    0.00
20080624  84135  -1.03 -80.43 1200.    0.00
20080624  84137  -1.03 -80.45 1200.    0.00
20080624  84163  -1.50 -78.05 1200.    0.00
20080624  84200  -2.20 -80.98 1200.    0.00
20080624  84202  -2.12 -79.60 1200.    0.00
20080624  84203  -2.15 -79.88 1200.    0.00
20080624  85033 -10.82 -65.35 1200.    0.00
20080624  85114 -13.33 -64.15 1200.    0.00
20080624  85123 -13.72 -65.58 1200.    0.00
20080624  85140 -14.30 -67.37 1200.    0.00
20080624  85141 -14.48 -67.48 1200.    0.00
20080624  85152 -14.87 -66.75 1200.    0.00
20080624  85153 -14.97 -65.63 1200.    0.00
20080624  85154 -14.85 -64.95 1200.    0.00
20080624  85175 -15.72 -63.10 1200.    0.00
20080624  85195 -16.27 -62.47 1200.    0.00
20080624  85196 -16.25 -62.10 1200.    0.00
20080624  85201 -16.52 -68.18 1200.    0.00
20080624  85207 -16.37 -60.95 1200.    0.00
20080624  85210 -16.38 -58.32 1200.    0.00
20080624  85223 -17.45 -66.10 1200.    0.00
20080624  85242 -18.05 -67.07 1200.    0.00
20080624  85244 -17.65 -63.13 1200.    0.00
20080624  85245 -17.80 -63.17 1200.    0.00
20080624  85247 -17.83 -60.75 1200.    0.00
20080624  85264 -18.50 -64.10 1200.    0.00
20080624  85268 -18.32 -59.75 1200.    0.00
20080624  85283 -19.02 -65.27 1200.    0.00
20080624  85289 -19.00 -57.73 1200.    0.00
20080624  85293 -19.53 -65.72 1200.    0.00
20080624  85312 -19.83 -64.00 1200.    0.00
20080624  85315 -20.05 -63.57 1200.    0.00
20080624  85345 -21.27 -63.50 1200.    0.00
20080624  85364 -21.53 -64.72 1200.    0.00
20080624  85365 -22.02 -63.70 1200.    0.00
20080624  85394 -22.75 -63.38 1200.    0.00
20080624  85406 -18.35 -70.33 1200.    0.00
20080624  85418 -20.53 -70.18 1200.    0.00
20080624  85442 -23.43 -70.45 1200.    0.00
20080624  85442 -23.43 -70.45 1200.    0.00
20080624  85469 -27.17-109.40 1200.    0.00
20080624  85488 -29.92 -71.20 1200.    0.00
20080624  85574 -33.38 -70.78 1200.    0.00
20080624  85577 -33.43 -70.68 1200.    0.00
20080624  85585 -33.62 -78.82 1200.    0.00
20080624  85682 -36.77 -73.07 1200.    0.00
20080624  85864 -45.60 -72.10 1200.    0.00
20080624  85874 -45.92 -71.70 1200.    0.00
20080624  85934 -53.00 -70.85 1200.    0.00
20080624  86011 -19.53 -59.37 1200.    0.00
20080624  86065 -22.70 -61.50 1200.    0.00
20080624  86068 -22.02 -60.60 1200.    0.00
20080624  86086 -22.28 -57.87 1200.    0.80
20080624  86097 -22.58 -55.65 1200.    0.00
20080624  86134 -23.42 -57.30 1200.    0.00
20080624  86192 -24.65 -56.43 1200.    0.00
20080624  86218 -25.27 -57.63 1200.    0.00
20080624  86233 -25.75 -56.43 1200.    0.00
20080624  86255 -26.85 -58.32 1200.    0.00
20080624  86260 -26.67 -57.15 1200.    0.00
20080624  86297 -27.32 -55.83 1200.    0.00
20080624  86330 -30.38 -56.50 1200.    0.00
20080624  86360 -31.38 -57.95 1200.    0.00
20080624  86460 -32.80 -56.52 1200.    0.00
20080624  86490 -33.25 -58.07 1200.    0.00
20080624  86530 -33.35 -56.50 1200.    0.00
20080624  86545 -34.05 -56.13 1200.    0.00
20080624  86565 -34.48 -54.30 1200.    0.00
20080624  86580 -34.83 -56.00 1200.    0.00
20080624  87022 -22.65 -63.82 1200.    0.00
20080624  87046 -24.38 -65.08 1200.    0.00
20080624  87047 -24.85 -65.48 1200.    0.00
20080624  87097 -25.73 -54.47 1200.    5.00
20080624  87121 -26.85 -65.10 1200.    0.00
20080624  87129 -27.77 -64.30 1200.    0.00
20080624  87155 -27.45 -59.05 1200.    0.00
20080624  87162 -26.20 -58.23 1200.    0.00
20080624  87166 -27.45 -58.77 1200.    0.00
20080624  87178 -27.37 -55.97 1200.    0.00
20080624  87217 -29.38 -66.82 1200.    0.00
20080624  87222 -28.60 -65.77 1200.    0.00
20080624  87244 -29.90 -63.68 1200.    0.00
20080624  87257 -29.88 -61.95 1200.    0.00
20080624  87289 -29.68 -57.15 1200.    0.00
20080624  87311 -31.57 -68.42 1200.    0.00
20080624  87320 -30.37 -66.30 1200.    0.00
20080624  87328 -31.95 -65.13 1200.    0.00
20080624  87344 -31.32 -64.22 1200.    0.00
20080624  87349 -31.67 -63.88 1200.    0.00
20080624  87371 -31.70 -60.82 1200.    0.00
20080624  87374 -31.78 -60.48 1200.    0.00
20080624  87393 -30.25 -57.65 1200.    0.00
20080624  87395 -31.30 -58.02 1200.    0.00
20080624  87416 -33.08 -68.42 1200.    0.00
20080624  87418 -32.83 -68.78 1200.    0.00
20080624  87436 -33.27 -66.35 1200.    0.00
20080624  87453 -33.12 -64.23 1200.    0.00
20080624  87480 -32.92 -60.78 1200.    0.00
20080624  87497 -33.00 -58.62 1200.    0.00
20080624  87509 -34.58 -68.40 1200.    0.00
20080624  87534 -34.13 -63.37 1200.    0.00
20080624  87548 -34.55 -60.95 1200.    0.00
20080624  87563 -36.07 -59.10 1200.    0.00
20080624  87576 -34.82 -58.53 1200.    0.00
20080624  87582 -34.57 -58.42 1200.    0.00
20080624  87593 -34.97 -57.90 1200.    0.00
20080624  87623 -36.57 -64.27 1200.    0.00
20080624  87641 -36.83 -59.88 1200.    0.00
20080624  87645 -37.23 -59.25 1200.    0.00
20080624  87648 -36.35 -57.73 1200.    0.00
20080624  87688 -38.33 -60.25 1200.    0.00
20080624  87692 -37.93 -57.58 1200.    0.00
20080624  87715 -38.95 -68.13 1200.    0.00
20080624  87750 -38.73 -62.17 1200.    0.00
20080624  87765 -41.15 -71.17 1200.    0.00
20080624  87774 -41.25 -68.73 1200.    0.00
20080624  87784 -40.73 -64.95 1200.    0.00
20080624  87791 -40.85 -63.02 1200.    0.00
20080624  87803 -42.97 -71.15 1200.    0.00
20080624  87828 -43.20 -65.27 1200.    0.00
20080624  87852 -46.52 -71.02 1200.    0.00
20080624  87860 -45.78 -67.50 1200.    0.00
20080624  87909 -49.32 -67.78 1200.    0.00
20080624  87925 -51.62 -69.28 1200.    0.00
20080624  87938 -54.80 -68.32 1200.    0.00
20080624  88878 -51.32 -59.60 1200.    0.00
20080624  88883 -51.90 -60.92 1200.    0.00
20080624  88889 -51.82 -58.45 1200.    0.00
20080624  88903 -54.27 -36.50 1200.    0.00
20080624  88963 -63.40 -56.98 1200.    0.00
20080624  88968 -60.75 -44.72 1200.    0.00
20080624  88968 -60.75 -44.72 1200.    0.00
20080624  89009 -90.00   0.00 1200.    0.00
20080624  89022 -75.50 -26.65 1200.    0.00
20080624  89034 -77.87 -34.62 1200.    0.00
20080624  89050 -62.20 -58.93 1200.    0.00
20080624  89054 -62.17 -58.83 1200.    0.00
20080624  89055 -64.23 -56.72 1200.    0.00
20080624  89056 -62.18 -58.98 1200.    0.00
20080624  89057 -62.50 -59.68 1200.    0.00
20080624  89058 -62.22 -58.97 1200.    0.00
20080624  89059 -63.32 -57.90 1200.    0.00
20080624  89061 -64.77 -64.08 1200.    0.00
20080624  89062 -67.57 -68.13 1200.    0.00
20080624  89063 -65.25 -64.27 1200.    0.00
20080624  89066 -68.13 -67.13 1200.    0.00
20080624  89251 -62.22 -58.75 1200.    0.00
20080624  89253 -63.18 -55.40 1200.    0.00
20080624  89512 -70.77  11.83 1200.    0.00
20080624  89532 -69.00  39.58 1200.    0.00
20080624  89564 -67.60  62.87 1200.    0.00
20080624  89568 -76.00  65.00 1200.    0.00
20080624  89571 -68.57  77.95 1200.    0.00
20080624  89574 -69.40  76.40 1200.    0.00
20080624  89577 -75.85  71.48 1200.    0.00
20080624  89592 -66.55  93.02 1200.    0.20
20080624  89606 -78.45 106.87 1200.    0.00
20080624  89611 -66.28 110.52 1200.    0.00
20080624  89642 -66.67 140.02 1200.    0.00
20080624  89661 -73.05 169.60 1200.    0.00
20080624  89662 -74.70 164.10 1200.    0.00
20080624  89664 -77.85 166.67 1200.    0.00
20080624  89666 -76.72 162.97 1200.    0.00
20080624  89734 -77.32  39.70 1200.    0.00
20080624  89762 -68.65  60.55 1200.    0.00
20080624  89807 -66.55 107.75 1200.    0.00
20080624  89811 -66.72 112.93 1200.    0.00
