 20090416 83574 -20.03 -48.93  0.31709  0.21280  0.23482  0.14662  0.04836  0.03019  0.01552  0.00969  0.21429  0.00000  0.00000  0.00000  0.00000  0.00000  0.00000  0.00000 
 20090416 83582 -20.02 -45.98  0.30505  0.30350  0.17095  0.17522  0.03520  0.03608  0.01130  0.01158  0.35714  0.13333  0.00000  0.00000  0.00000  0.00000  0.00000  0.00000 
 20090416 83612 -20.47 -54.67  0.24656  0.21280  0.16988  0.14662  0.03498  0.03019  0.01123  0.00969  0.00000  0.00000  0.00000  0.00000  0.00000  0.00000  0.00000  0.00000 
 20090416 83618 -20.78 -51.63  0.24656  0.21280  0.16988  0.14662  0.03498  0.03019  0.01123  0.00969  0.00000  0.00000  0.00000  0.00000  0.00000  0.00000  0.00000  0.00000 
 20090416 83623 -20.42 -49.98  0.27193  0.21280  0.18862  0.14662  0.03884  0.03019  0.01247  0.00969  0.07143  0.00000  0.00000  0.00000  0.00000  0.00000  0.00000  0.00000 
 20090416 83630 -20.55 -47.43  0.29099  0.21280  0.18862  0.14662  0.03884  0.03019  0.01247  0.00969  0.14286  0.00000  0.00000  0.00000  0.00000  0.00000  0.00000  0.00000 
 20090416 83649 -20.27 -40.28  0.91499  0.23425  0.57118  0.12894  0.08278  0.02885  0.06253  0.00926  1.00000  0.66667  1.00000  0.26667  0.14286  0.00000  0.07143  0.00000 
 20090416 83676 -21.13 -48.97  0.29565  0.00000  0.19826  0.00000  0.04083  0.00000  0.01310  0.00000  0.14286  0.00000  0.00000  0.00000  0.00000  0.00000  0.00000  0.00000 
 20090416 83687 -21.23 -45.00  0.37189  0.29099  0.23437  0.16688  0.04826  0.03437  0.01549  0.01103  0.35714  0.13333  0.00000  0.00000  0.00000  0.00000  0.00000  0.00000 
 20090416 83692 -21.77 -43.35  0.52982  0.24483  0.25154  0.14409  0.04759  0.02967  0.01528  0.00952  0.64286  0.13333  0.14286  0.00000  0.00000  0.00000  0.00000  0.00000 
 20090416 83695 -21.20 -41.88  0.31898  0.39159  0.18214  0.12825  0.06009  0.02641  0.02295  0.00848  0.78571  0.40000  0.57143  0.00000  0.07143  0.00000  0.00000  0.00000 
 20090416 83698 -21.75 -41.33  0.39612  0.60122  0.22210  0.28858  0.07019  0.04343  0.04208  0.01394  0.85714  0.73333  0.71429  0.26667  0.07143  0.00000  0.00000  0.00000 
 20090416 83704 -22.32 -53.93  0.24656  0.21280  0.16988  0.14662  0.03498  0.03019  0.01123  0.00969  0.00000  0.00000  0.00000  0.00000  0.00000  0.00000  0.00000  0.00000 
 20090416 83716 -22.12 -51.38  0.24656  0.21280  0.16988  0.14662  0.03498  0.03019  0.01123  0.00969  0.00000  0.00000  0.00000  0.00000  0.00000  0.00000  0.00000  0.00000 
 20090416 83718 -22.03 -42.37  0.56391  0.27197  0.24804  0.15135  0.07443  0.02987  0.02389  0.00959  0.71429  0.26667  0.14286  0.06667  0.00000  0.00000  0.00000  0.00000 
 20090416 83726 -22.02 -47.88  0.27496  0.21280  0.19335  0.14662  0.03982  0.03019  0.01278  0.00969  0.07143  0.00000  0.00000  0.00000  0.00000  0.00000  0.00000  0.00000 
 20090416 83738 -22.48 -44.47  0.59438  0.35009  0.21112  0.20141  0.03977  0.03335  0.01277  0.01070  0.71429  0.33333  0.07143  0.06667  0.00000  0.00000  0.00000  0.00000 
 20090416 83780 -23.62 -46.65  0.35563  0.23969  0.23380  0.12777  0.04815  0.02631  0.01545  0.00845  0.28571  0.13333  0.00000  0.00000  0.00000  0.00000  0.00000  0.00000 
 20090416 83783 -24.05 -52.37  0.00000  0.00000  0.00000  0.00000  0.00000  0.00000  0.00000  0.00000  0.00000  0.00000  0.00000  0.00000  0.00000  0.00000  0.00000  0.00000 
 20090416 83811 -24.40 -50.83  0.24656  0.21280  0.16988  0.14662  0.03498  0.03019  0.01123  0.00969  0.00000  0.00000  0.00000  0.00000  0.00000  0.00000  0.00000  0.00000 
 20090416 83818 -23.93 -46.30  0.33505  0.23922  0.15166  0.12808  0.03123  0.02638  0.01002  0.00847  0.35714  0.13333  0.00000  0.00000  0.00000  0.00000  0.00000  0.00000 
 20090416 83827 -25.52 -54.58  0.24656  0.00000  0.16988  0.00000  0.03498  0.00000  0.01123  0.00000  0.00000  0.00000  0.00000  0.00000  0.00000  0.00000  0.00000  0.00000 
 20090416 83836 -25.47 -50.63  0.30251  0.21892  0.19826  0.15084  0.04083  0.03106  0.01310  0.00997  0.14286  0.00000  0.00000  0.00000  0.00000  0.00000  0.00000  0.00000 
 20090416 83840 -25.52 -49.17  0.34244  0.28838  0.23437  0.16688  0.04826  0.03437  0.01549  0.01103  0.28571  0.13333  0.00000  0.00000  0.00000  0.00000  0.00000  0.00000 
 20090416 83844 -25.52 -48.52  0.35394  0.25649  0.23425  0.16280  0.04824  0.03353  0.01548  0.01076  0.28571  0.06667  0.00000  0.00000  0.00000  0.00000  0.00000  0.00000 
 20090416 83881 -27.18 -53.23  0.25365  0.00000  0.17476  0.00000  0.03599  0.00000  0.01155  0.00000  0.00000  0.00000  0.00000  0.00000  0.00000  0.00000  0.00000  0.00000 
 20090416 83887 -27.40 -51.20  0.27753  0.21280  0.19335  0.14662  0.03982  0.03019  0.01278  0.00969  0.07143  0.00000  0.00000  0.00000  0.00000  0.00000  0.00000  0.00000 
 20090416 83899 -27.67 -48.55  0.27959  0.21892  0.19826  0.15084  0.04083  0.03106  0.01310  0.00997  0.07143  0.00000  0.00000  0.00000  0.00000  0.00000  0.00000  0.00000 
 20090416 83907 -28.40 -55.02  0.00000  0.00000  0.00000  0.00000  0.00000  0.00000  0.00000  0.00000  0.00000  0.00000  0.00000  0.00000  0.00000  0.00000  0.00000  0.00000 
 20090416 83914 -28.25 -52.40  0.24656  0.00000  0.16988  0.00000  0.03498  0.00000  0.01123  0.00000  0.00000  0.00000  0.00000  0.00000  0.00000  0.00000  0.00000  0.00000 
 20090416 83919 -28.67 -50.43  0.25365  0.21280  0.17476  0.14662  0.03599  0.03019  0.01155  0.00969  0.00000  0.00000  0.00000  0.00000  0.00000  0.00000  0.00000  0.00000 
 20090416 83927 -29.75 -57.08  0.00000  0.00000  0.00000  0.00000  0.00000  0.00000  0.00000  0.00000  0.00000  0.00000  0.00000  0.00000  0.00000  0.00000  0.00000  0.00000 
 20090416 83936 -29.70 -53.70  0.25365  0.21280  0.17476  0.14662  0.03599  0.03019  0.01155  0.00969  0.00000  0.00000  0.00000  0.00000  0.00000  0.00000  0.00000  0.00000 
 20090416 83948 -29.33 -49.72  0.27086  0.21280  0.18862  0.14662  0.03884  0.03019  0.01247  0.00969  0.07143  0.00000  0.00000  0.00000  0.00000  0.00000  0.00000  0.00000 
 20090416 83953 -30.88 -55.53  0.24656  0.21280  0.16988  0.14662  0.03498  0.03019  0.01123  0.00969  0.00000  0.00000  0.00000  0.00000  0.00000  0.00000  0.00000  0.00000 
 20090416 83964 -30.53 -52.52  0.27725  0.21280  0.18862  0.14662  0.03884  0.03019  0.01247  0.00969  0.07143  0.00000  0.00000  0.00000  0.00000  0.00000  0.00000  0.00000 
 20090416 83971 -30.00 -51.18  0.25365  0.21280  0.17476  0.14662  0.03599  0.03019  0.01155  0.00969  0.00000  0.00000  0.00000  0.00000  0.00000  0.00000  0.00000  0.00000 
 20090416 83980 -31.33 -54.10  0.24656  0.21280  0.16988  0.14662  0.03498  0.03019  0.01123  0.00969  0.00000  0.00000  0.00000  0.00000  0.00000  0.00000  0.00000  0.00000 
 20090416 83995 -32.02 -52.08  0.25365  0.21892  0.17476  0.15084  0.03599  0.03106  0.01155  0.00997  0.00000  0.00000  0.00000  0.00000  0.00000  0.00000  0.00000  0.00000 
 20090416 83997 -33.52 -53.35  0.25365  0.32867  0.17476  0.15383  0.03599  0.02997  0.01155  0.00962  0.00000  0.33333  0.00000  0.06667  0.00000  0.00000  0.00000  0.00000 
 20090416 85315 -20.05 -63.57  0.25615  0.21280  0.24188  0.14662  0.05170  0.03019  0.01659  0.00969  0.14286  0.00000  0.14286  0.00000  0.00000  0.00000  0.00000  0.00000 
 20090416 85345 -21.27 -63.50  0.25619  0.23160  0.24234  0.15790  0.05164  0.03252  0.01657  0.01044  0.14286  0.06667  0.14286  0.00000  0.00000  0.00000  0.00000  0.00000 
 20090416 85364 -21.53 -64.72  0.28108  0.32079  0.20599  0.16688  0.04242  0.03437  0.01362  0.01103  0.07143  0.20000  0.00000  0.00000  0.00000  0.00000  0.00000  0.00000 
 20090416 85365 -22.02 -63.70  0.25534  0.30373  0.23307  0.20118  0.05177  0.04143  0.01661  0.01330  0.14286  0.13333  0.14286  0.00000  0.00000  0.00000  0.00000  0.00000 
 20090416 85394 -22.75 -63.38  0.25324  0.24076  0.21343  0.12821  0.04759  0.02640  0.01528  0.00847  0.14286  0.13333  0.07143  0.00000  0.00000  0.00000  0.00000  0.00000 
 20090416 85418 -20.53 -70.18  0.32989  0.30469  0.20301  0.17522  0.04181  0.03608  0.01342  0.01158  0.21429  0.13333  0.00000  0.00000  0.00000  0.00000  0.00000  0.00000 
 20090416 85442 -23.43 -70.45  0.37712  0.40321  0.21269  0.18357  0.04380  0.03780  0.01406  0.01213  0.35714  0.26667  0.00000  0.00000  0.00000  0.00000  0.00000  0.00000 
 20090416 85470 -27.30 -70.42  0.29672  0.29990  0.21269  0.20118  0.04380  0.04143  0.01406  0.01330  0.14286  0.13333  0.00000  0.00000  0.00000  0.00000  0.00000  0.00000 
 20090416 86065 -22.70 -61.50  0.24656  0.21280  0.16988  0.14662  0.03498  0.03019  0.01123  0.00969  0.00000  0.00000  0.00000  0.00000  0.00000  0.00000  0.00000  0.00000 
 20090416 86068 -22.02 -60.60  0.00000  0.00000  0.00000  0.00000  0.00000  0.00000  0.00000  0.00000  0.00000  0.00000  0.00000  0.00000  0.00000  0.00000  0.00000  0.00000 
 20090416 86086 -22.28 -57.87  0.00000  0.00000  0.00000  0.00000  0.00000  0.00000  0.00000  0.00000  0.00000  0.00000  0.00000  0.00000  0.00000  0.00000  0.00000  0.00000 
 20090416 86097 -22.58 -55.65  0.24656  0.21280  0.16988  0.14662  0.03498  0.03019  0.01123  0.00969  0.00000  0.00000  0.00000  0.00000  0.00000  0.00000  0.00000  0.00000 
 20090416 86134 -23.42 -57.30  0.24656  0.00000  0.16988  0.00000  0.03498  0.00000  0.01123  0.00000  0.00000  0.00000  0.00000  0.00000  0.00000  0.00000  0.00000  0.00000 
 20090416 86192 -24.65 -56.43  0.24656  0.00000  0.16988  0.00000  0.03498  0.00000  0.01123  0.00000  0.00000  0.00000  0.00000  0.00000  0.00000  0.00000  0.00000  0.00000 
 20090416 86210 -24.05 -54.32  0.00000  0.00000  0.00000  0.00000  0.00000  0.00000  0.00000  0.00000  0.00000  0.00000  0.00000  0.00000  0.00000  0.00000  0.00000  0.00000 
 20090416 86218 -25.27 -57.63  0.00000  0.00000  0.00000  0.00000  0.00000  0.00000  0.00000  0.00000  0.00000  0.00000  0.00000  0.00000  0.00000  0.00000  0.00000  0.00000 
 20090416 86233 -25.75 -56.43  0.24656  0.00000  0.16988  0.00000  0.03498  0.00000  0.01123  0.00000  0.00000  0.00000  0.00000  0.00000  0.00000  0.00000  0.00000  0.00000 
 20090416 86248 -25.53 -54.60  0.24656  0.00000  0.16988  0.00000  0.03498  0.00000  0.01123  0.00000  0.00000  0.00000  0.00000  0.00000  0.00000  0.00000  0.00000  0.00000 
 20090416 86255 -26.85 -58.32  0.00000  0.21280  0.00000  0.14662  0.00000  0.03019  0.00000  0.00969  0.00000  0.00000  0.00000  0.00000  0.00000  0.00000  0.00000  0.00000 
 20090416 86260 -26.67 -57.15  0.00000  0.00000  0.00000  0.00000  0.00000  0.00000  0.00000  0.00000  0.00000  0.00000  0.00000  0.00000  0.00000  0.00000  0.00000  0.00000 
 20090416 86297 -27.32 -55.83  0.00000  0.00000  0.00000  0.00000  0.00000  0.00000  0.00000  0.00000  0.00000  0.00000  0.00000  0.00000  0.00000  0.00000  0.00000  0.00000 
 20090416 86360 -31.38 -57.95  0.00000  0.26438  0.00000  0.17112  0.00000  0.03524  0.00000  0.01131  0.00000  0.06667  0.00000  0.00000  0.00000  0.00000  0.00000  0.00000 
 20090416 86460 -32.80 -56.52  0.00000  0.24348  0.00000  0.19073  0.00000  0.05100  0.00000  0.01637  0.00000  0.13333  0.00000  0.06667  0.00000  0.00000  0.00000  0.00000 
 20090416 86500 -33.22 -54.38  0.25365  0.23577  0.17476  0.15755  0.03599  0.03333  0.01155  0.01070  0.00000  0.13333  0.00000  0.06667  0.00000  0.00000  0.00000  0.00000 
 20090416 86560 -34.45 -57.83  0.00000  0.62961  0.00000  0.36268  0.00000  0.04367  0.00000  0.01402  0.00000  0.73333  0.00000  0.40000  0.00000  0.00000  0.00000  0.00000 
 20090416 86565 -34.48 -54.30  0.24656  0.13481  0.16988  0.09858  0.03498  0.03715  0.01123  0.01192  0.00000  0.26667  0.00000  0.13333  0.00000  0.00000  0.00000  0.00000 
 20090416 86580 -34.83 -56.00  0.00000  0.22797  0.00000  0.16811  0.00000  0.02699  0.00000  0.00866  0.00000  0.66667  0.00000  0.46667  0.00000  0.00000  0.00000  0.00000 
 20090416 87016 -23.15 -64.32  0.25234  0.24366  0.21249  0.19523  0.06058  0.04004  0.01944  0.01285  0.14286  0.13333  0.07143  0.06667  0.00000  0.00000  0.00000  0.00000 
 20090416 87022 -22.65 -63.82  0.25498  0.24236  0.22880  0.15438  0.05602  0.02987  0.01798  0.00959  0.14286  0.13333  0.14286  0.06667  0.00000  0.00000  0.00000  0.00000 
 20090416 87046 -24.38 -65.08  0.25565  0.24759  0.17176  0.22357  0.03537  0.05447  0.01135  0.01748  0.14286  0.13333  0.00000  0.13333  0.00000  0.00000  0.00000  0.00000 
 20090416 87097 -25.73 -54.47  0.25365  0.00000  0.17476  0.00000  0.03599  0.00000  0.01155  0.00000  0.00000  0.00000  0.00000  0.00000  0.00000  0.00000  0.00000  0.00000 
 20090416 87121 -26.85 -65.10  0.21719  0.21874  0.18344  0.15115  0.03963  0.02988  0.01272  0.00959  0.07143  0.13333  0.07143  0.06667  0.00000  0.00000  0.00000  0.00000 
 20090416 87129 -27.77 -64.30  0.24656  0.21280  0.16988  0.14662  0.03498  0.03019  0.01123  0.00969  0.00000  0.00000  0.00000  0.00000  0.00000  0.00000  0.00000  0.00000 
 20090416 87155 -27.45 -59.05  0.00000  0.21280  0.00000  0.14662  0.00000  0.03019  0.00000  0.00969  0.00000  0.00000  0.00000  0.00000  0.00000  0.00000  0.00000  0.00000 
 20090416 87162 -26.20 -58.23  0.00000  0.00000  0.00000  0.00000  0.00000  0.00000  0.00000  0.00000  0.00000  0.00000  0.00000  0.00000  0.00000  0.00000  0.00000  0.00000 
 20090416 87166 -27.45 -58.77  0.00000  0.21280  0.00000  0.14662  0.00000  0.03019  0.00000  0.00969  0.00000  0.00000  0.00000  0.00000  0.00000  0.00000  0.00000  0.00000 
 20090416 87178 -27.37 -55.97  0.00000  0.00000  0.00000  0.00000  0.00000  0.00000  0.00000  0.00000  0.00000  0.00000  0.00000  0.00000  0.00000  0.00000  0.00000  0.00000 
 20090416 87217 -29.38 -66.82  0.25365  0.32312  0.17476  0.17779  0.03599  0.03661  0.01155  0.01175  0.00000  0.20000  0.00000  0.00000  0.00000  0.00000  0.00000  0.00000 
 20090416 87222 -28.60 -65.77  0.24656  0.21892  0.16988  0.15084  0.03498  0.03106  0.01123  0.00997  0.00000  0.00000  0.00000  0.00000  0.00000  0.00000  0.00000  0.00000 
 20090416 87257 -29.88 -61.95  0.00000  0.20024  0.00000  0.14446  0.00000  0.02975  0.00000  0.00955  0.00000  0.06667  0.00000  0.00000  0.00000  0.00000  0.00000  0.00000 
 20090416 87270 -29.18 -59.67  0.00000  0.21280  0.00000  0.14662  0.00000  0.03019  0.00000  0.00969  0.00000  0.00000  0.00000  0.00000  0.00000  0.00000  0.00000  0.00000 
 20090416 87289 -29.68 -57.15  0.00000  0.00000  0.00000  0.00000  0.00000  0.00000  0.00000  0.00000  0.00000  0.00000  0.00000  0.00000  0.00000  0.00000  0.00000  0.00000 
 20090416 87311 -31.57 -68.42  0.26721  0.14926  0.18294  0.10611  0.03767  0.04484  0.01209  0.01439  0.07143  0.40000  0.00000  0.13333  0.00000  0.00000  0.00000  0.00000 
 20090416 87320 -30.37 -66.28  0.28001  0.26221  0.20599  0.16280  0.04242  0.03353  0.01362  0.01076  0.07143  0.06667  0.00000  0.00000  0.00000  0.00000  0.00000  0.00000 
 20090416 87328 -31.95 -65.13  0.24656  0.38351  0.16988  0.22389  0.03498  0.04341  0.01123  0.01393  0.00000  0.40000  0.00000  0.13333  0.00000  0.00000  0.00000  0.00000 
 20090416 87344 -31.32 -64.22  0.24656  0.34251  0.16988  0.25075  0.03498  0.04363  0.01123  0.01400  0.00000  0.33333  0.00000  0.20000  0.00000  0.00000  0.00000  0.00000 
 20090416 87349 -31.67 -63.88  0.00000  0.36355  0.00000  0.26012  0.00000  0.05464  0.00000  0.01754  0.00000  0.40000  0.00000  0.20000  0.00000  0.00000  0.00000  0.00000 
 20090416 87371 -31.70 -60.82  0.00000  0.17438  0.00000  0.12075  0.00000  0.04756  0.00000  0.01527  0.00000  0.46667  0.00000  0.20000  0.00000  0.00000  0.00000  0.00000 
 20090416 87374 -31.78 -60.48  0.00000  0.17223  0.00000  0.10726  0.00000  0.05595  0.00000  0.01796  0.00000  0.46667  0.00000  0.13333  0.00000  0.00000  0.00000  0.00000 
 20090416 87393 -30.25 -57.65  0.00000  0.21280  0.00000  0.14662  0.00000  0.03019  0.00000  0.00969  0.00000  0.00000  0.00000  0.00000  0.00000  0.00000  0.00000  0.00000 
 20090416 87395 -31.30 -58.02  0.00000  0.26913  0.00000  0.17112  0.00000  0.03524  0.00000  0.01131  0.00000  0.06667  0.00000  0.00000  0.00000  0.00000  0.00000  0.00000 
 20090416 87416 -33.08 -68.42  0.27845  0.15986  0.19826  0.12759  0.04083  0.03713  0.01310  0.01192  0.07143  0.40000  0.00000  0.20000  0.00000  0.00000  0.00000  0.00000 
 20090416 87418 -32.83 -68.78  0.28743  0.16799  0.19335  0.12992  0.03982  0.03295  0.01278  0.01057  0.14286  0.46667  0.00000  0.26667  0.00000  0.00000  0.00000  0.00000 
 20090416 87436 -33.27 -66.35  0.24656  0.32197  0.16988  0.19283  0.03498  0.03700  0.01123  0.01188  0.00000  0.33333  0.00000  0.06667  0.00000  0.00000  0.00000  0.00000 
 20090416 87448 -33.73 -65.38  0.24656  0.45150  0.16988  0.24033  0.03498  0.04002  0.01123  0.01284  0.00000  0.53333  0.00000  0.13333  0.00000  0.00000  0.00000  0.00000 
 20090416 87453 -33.12 -64.23  0.00000  0.54241  0.00000  0.26891  0.00000  0.06271  0.00000  0.02013  0.00000  0.66667  0.00000  0.20000  0.00000  0.00000  0.00000  0.00000 
 20090416 87467 -32.70 -62.15  0.00000  0.18905  0.00000  0.13452  0.00000  0.03100  0.00000  0.00995  0.00000  0.53333  0.00000  0.26667  0.00000  0.00000  0.00000  0.00000 
 20090416 87480 -32.92 -60.78  0.00000  0.31212  0.00000  0.14441  0.00000  0.06609  0.00000  0.02105  0.00000  0.80000  0.00000  0.40000  0.00000  0.06667  0.00000  0.00000 
 20090416 87497 -33.00 -58.62  0.00000  0.25308  0.00000  0.14743  0.00000  0.07008  0.00000  0.02572  0.00000  0.73333  0.00000  0.40000  0.00000  0.06667  0.00000  0.00000 
 20090416 87506 -35.50 -69.58  0.24656  0.21581  0.16988  0.14409  0.03498  0.02967  0.01123  0.00952  0.00000  0.13333  0.00000  0.00000  0.00000  0.00000  0.00000  0.00000 
 20090416 87509 -34.58 -68.40  0.25365  0.25665  0.17476  0.20688  0.03599  0.04714  0.01155  0.01513  0.00000  0.20000  0.00000  0.06667  0.00000  0.00000  0.00000  0.00000 
 20090416 87534 -34.13 -63.37  0.00000  0.48274  0.00000  0.24169  0.00000  0.03683  0.00000  0.01182  0.00000  0.60000  0.00000  0.13333  0.00000  0.00000  0.00000  0.00000 
 20090416 87563 -36.07 -59.10  0.00000  0.53398  0.00000  0.18617  0.00000  0.03099  0.00000  0.00995  0.00000  0.93333  0.00000  0.53333  0.00000  0.00000  0.00000  0.00000 
 20090416 87576 -34.82 -58.53  0.00000  0.84002  0.00000  0.46034  0.00000  0.05108  0.00000  0.01639  0.00000  0.93333  0.00000  0.53333  0.00000  0.00000  0.00000  0.00000 
 20090416 87582 -34.57 -58.42  0.00000  0.80187  0.00000  0.41953  0.00000  0.04341  0.00000  0.01393  0.00000  0.86667  0.00000  0.46667  0.00000  0.00000  0.00000  0.00000 
 20090416 87593 -34.97 -57.90  0.00000  0.74993  0.00000  0.44425  0.00000  0.04714  0.00000  0.01513  0.00000  0.86667  0.00000  0.53333  0.00000  0.00000  0.00000  0.00000 
 20090416 87623 -36.57 -64.27  0.27700  0.29357  0.20301  0.14409  0.04181  0.02967  0.01342  0.00952  0.07143  0.26667  0.00000  0.00000  0.00000  0.00000  0.00000  0.00000 
 20090416 87640 -36.25 -61.10  0.27033  0.86690  0.18862  0.55569  0.03884  0.05100  0.01247  0.01637  0.07143  0.93333  0.00000  0.66667  0.00000  0.00000  0.00000  0.00000 
 20090416 87645 -37.23 -59.25  0.00000  0.83945  0.00000  0.59969  0.00000  0.05465  0.00000  0.01754  0.00000  0.93333  0.00000  0.73333  0.00000  0.00000  0.00000  0.00000 
 20090416 87648 -36.35 -57.73  0.00000  0.57439  0.00000  0.21157  0.00000  0.03496  0.00000  0.01122  0.00000  0.93333  0.00000  0.60000  0.00000  0.00000  0.00000  0.00000 
 20090416 87688 -38.33 -60.25  0.27679  0.80179  0.20599  0.65103  0.04242  0.05867  0.01362  0.01883  0.07143  0.86667  0.00000  0.73333  0.00000  0.00000  0.00000  0.00000 
 20090416 87692 -37.93 -57.58  0.24656  0.57201  0.16988  0.27474  0.03498  0.03099  0.01123  0.00995  0.00000  0.93333  0.00000  0.73333  0.00000  0.00000  0.00000  0.00000 
 20090416 87715 -38.95 -68.13  0.00000  0.00000  0.00000  0.00000  0.00000  0.00000  0.00000  0.00000  0.00000  0.00000  0.00000  0.00000  0.00000  0.00000  0.00000  0.00000 
 20090416 87750 -38.73 -62.17  0.25365  0.30966  0.17476  0.14459  0.03599  0.02978  0.01155  0.00956  0.00000  0.26667  0.00000  0.00000  0.00000  0.00000  0.00000  0.00000 
 20090416 87774 -41.25 -68.73  0.00000  0.00000  0.00000  0.00000  0.00000  0.00000  0.00000  0.00000  0.00000  0.00000  0.00000  0.00000  0.00000  0.00000  0.00000  0.00000 
 20090416 87828 -43.20 -65.27  0.00000  0.00000  0.00000  0.00000  0.00000  0.00000  0.00000  0.00000  0.00000  0.00000  0.00000  0.00000  0.00000  0.00000  0.00000  0.00000 
 20090416 87860 -45.78 -67.50  0.28121  0.00000  0.21021  0.00000  0.04329  0.00000  0.01389  0.00000  0.07143  0.00000  0.00000  0.00000  0.00000  0.00000  0.00000  0.00000 
