 20090416 82410  -4.38 -70.03  0.65368  0.83143  0.16713  0.45274  0.04519  0.06174  0.00924  0.01775  1.00000  1.00000  0.85714  0.93333  0.14286  0.06667  0.00000  0.00000 
 20090416 82445  -4.27 -55.97  0.82192  0.84558  0.41322  0.23982  0.06179  0.03054  0.01277  0.01410  1.00000  1.00000  0.92857  0.86667  0.21429  0.06667  0.00000  0.00000 
 20090416 82476  -4.85 -43.33  0.83690  0.94084  0.27417  0.63351  0.07573  0.10599  0.01164  0.01636  1.00000  1.00000  0.92857  1.00000  0.35714  0.53333  0.00000  0.00000 
 20090416 82533  -5.82 -61.30  0.79509  0.35762  0.30735  0.27282  0.04546  0.04400  0.01216  0.01297  1.00000  0.86667  0.85714  0.80000  0.07143  0.00000  0.00000  0.00000 
 20090416 82562  -5.35 -49.15  0.92849  0.32877  0.55704  0.23254  0.07850  0.06471  0.01114  0.01798  1.00000  0.93333  1.00000  0.86667  0.42857  0.20000  0.00000  0.00000 
 20090416 82571  -5.50 -45.27  0.92208  0.89200  0.51732  0.33004  0.06145  0.03364  0.01347  0.01152  1.00000  1.00000  1.00000  0.93333  0.21429  0.06667  0.00000  0.00000 
 20090416 82579  -5.05 -42.82  0.83474  0.94089  0.27245  0.63386  0.06814  0.10404  0.01025  0.02395  1.00000  1.00000  0.92857  1.00000  0.28571  0.53333  0.00000  0.00000 
 20090416 82583  -5.17 -40.67  0.44485  0.67899  0.25205  0.18095  0.03028  0.03147  0.00893  0.01411  0.92857  1.00000  0.85714  0.80000  0.00000  0.06667  0.00000  0.00000 
 20090416 82586  -5.20 -39.30  0.44712  0.63408  0.26718  0.22383  0.03034  0.03445  0.00894  0.01060  0.92857  1.00000  0.85714  0.86667  0.00000  0.06667  0.00000  0.00000 
 20090416 82594  -5.12 -36.63  0.18599  0.30096  0.14130  0.18336  0.02082  0.04130  0.00614  0.01218  0.85714  0.80000  0.78571  0.60000  0.00000  0.00000  0.00000  0.00000 
 20090416 82610  -6.67 -69.87  0.83735  0.31930  0.23245  0.20595  0.05733  0.06829  0.01644  0.01796  1.00000  0.93333  0.92857  0.86667  0.21429  0.26667  0.00000  0.00000 
 20090416 82678  -6.77 -43.02  0.93605  0.92780  0.60386  0.55279  0.06334  0.06940  0.01208  0.01268  1.00000  1.00000  1.00000  1.00000  0.28571  0.26667  0.00000  0.00000 
 20090416 82683  -6.00 -40.42  0.87750  0.33600  0.40009  0.14291  0.03395  0.03407  0.01001  0.02261  1.00000  0.93333  0.92857  0.66667  0.00000  0.06667  0.00000  0.00000 
 20090416 82723  -7.25 -64.83  0.70657  0.88156  0.20483  0.41825  0.04325  0.05193  0.00787  0.01531  1.00000  1.00000  0.92857  0.93333  0.14286  0.00000  0.00000  0.00000 
 20090416 82765  -7.33 -47.47  0.92753  0.92807  0.55109  0.55441  0.05430  0.03188  0.01278  0.01156  1.00000  1.00000  1.00000  1.00000  0.07143  0.06667  0.00000  0.00000 
 20090416 82780  -7.08 -41.12  0.93618  0.92099  0.60467  0.51055  0.02860  0.05645  0.00843  0.01634  1.00000  1.00000  1.00000  1.00000  0.00000  0.20000  0.00000  0.00000 
 20090416 82784  -7.32 -39.30  0.92685  0.84682  0.54685  0.14090  0.02871  0.02073  0.00847  0.00611  1.00000  1.00000  1.00000  0.66667  0.00000  0.00000  0.00000  0.00000 
 20090416 82791  -7.02 -37.27  0.83569  0.38604  0.34075  0.29082  0.08267  0.05936  0.02437  0.01750  0.92857  0.60000  0.50000  0.40000  0.00000  0.00000  0.00000  0.00000 
 20090416 82824  -8.77 -63.92  0.60522  0.91012  0.16929  0.44328  0.03703  0.03617  0.00787  0.00867  1.00000  1.00000  0.85714  1.00000  0.07143  0.13333  0.00000  0.00000 
 20090416 82861  -8.25 -49.20  0.60522  0.93140  0.23858  0.57507  0.05910  0.06527  0.01425  0.02172  1.00000  1.00000  0.92857  1.00000  0.21429  0.06667  0.00000  0.00000 
 20090416 82879  -8.35 -42.25  0.91335  0.88405  0.45808  0.34582  0.05125  0.04386  0.01214  0.01293  1.00000  1.00000  0.92857  0.86667  0.07143  0.00000  0.00000  0.00000 
 20090416 82893  -8.88 -36.52  0.27559  0.29497  0.23018  0.26607  0.07248  0.06406  0.02137  0.01889  0.28571  0.40000  0.14286  0.33333  0.00000  0.00000  0.00000  0.00000 
 20090416 82965  -9.87 -56.10  0.41082  0.33832  0.19466  0.18756  0.02288  0.03349  0.00674  0.01338  0.92857  1.00000  0.78571  0.80000  0.00000  0.06667  0.00000  0.00000 
 20090416 82983  -9.38 -40.48  0.16029  0.20631  0.08317  0.13387  0.03007  0.04400  0.00873  0.01297  0.78571  0.66667  0.42857  0.46667  0.07143  0.00000  0.00000  0.00000 
 20090416 82986  -9.40 -38.22  0.10986  0.40620  0.08271  0.23275  0.03961  0.08898  0.01157  0.02623  0.42857  0.60000  0.28571  0.20000  0.07143  0.00000  0.00000  0.00000 
 20090416 82993  -9.52 -35.78  0.13296  0.32175  0.09521  0.21580  0.02696  0.03501  0.00795  0.01032  0.57143  0.86667  0.35714  0.66667  0.00000  0.00000  0.00000  0.00000 
 20090416 83064 -10.52 -48.72  0.87445  0.38416  0.38629  0.18603  0.05009  0.03508  0.01216  0.01034  1.00000  0.86667  0.92857  0.60000  0.07143  0.00000  0.00000  0.00000 
 20090416 83096 -10.92 -37.05  0.12798  0.49249  0.10667  0.18611  0.04334  0.04875  0.01417  0.01437  0.57143  1.00000  0.42857  0.60000  0.07143  0.00000  0.00000  0.00000 
 20090416 83179 -11.08 -43.17  0.27320  0.18754  0.08403  0.09115  0.03553  0.02618  0.01047  0.00827  0.85714  0.80000  0.28571  0.40000  0.00000  0.06667  0.00000  0.00000 
 20090416 83182 -11.30 -41.87  0.19733  0.18106  0.08907  0.12572  0.03039  0.03300  0.00896  0.00973  0.78571  0.53333  0.35714  0.40000  0.00000  0.00000  0.00000  0.00000 
 20090416 83186 -11.18 -40.47  0.22167  0.27883  0.12977  0.18435  0.02031  0.03685  0.00599  0.01086  0.78571  0.80000  0.57143  0.60000  0.00000  0.00000  0.00000  0.00000 
 20090416 83192 -11.08 -38.50  0.13478  0.20484  0.08359  0.11544  0.04258  0.03352  0.01500  0.00963  0.57143  0.86667  0.28571  0.60000  0.07143  0.06667  0.00000  0.00000 
 20090416 83208 -12.73 -60.13  0.59655  0.41351  0.17633  0.29201  0.02031  0.05098  0.00599  0.01503  1.00000  0.60000  0.71429  0.40000  0.00000  0.00000  0.00000  0.00000 
 20090416 83214 -10.25 -54.92  0.87951  0.61810  0.72133  0.31912  0.09908  0.05440  0.02921  0.01604  1.00000  1.00000  0.85714  0.86667  0.00000  0.00000  0.00000  0.00000 
 20090416 83228 -12.02 -48.53  0.96362  0.48613  0.70950  0.24748  0.09423  0.07821  0.02778  0.02306  1.00000  0.73333  0.85714  0.26667  0.00000  0.00000  0.00000  0.00000 
 20090416 83235 -12.27 -46.43  0.87817  0.67439  0.40394  0.30869  0.02868  0.06851  0.00846  0.02020  1.00000  0.86667  0.92857  0.40000  0.00000  0.00000  0.00000  0.00000 
 20090416 83236 -12.15 -45.00  0.40931  0.37088  0.18626  0.27586  0.02871  0.03284  0.00847  0.00968  0.92857  0.86667  0.71429  0.80000  0.00000  0.00000  0.00000  0.00000 
 20090416 83242 -12.57 -41.38  0.18360  0.20107  0.12927  0.10969  0.02407  0.03075  0.00710  0.01109  0.71429  0.86667  0.57143  0.53333  0.00000  0.06667  0.00000  0.00000 
 20090416 83248 -12.90 -38.33  0.70657  0.89318  0.13763  0.33832  0.03711  0.09034  0.01807  0.04461  1.00000  1.00000  0.71429  1.00000  0.07143  0.40000  0.00000  0.13333 
 20090416 83264 -12.20 -56.50  0.70820  0.18531  0.39903  0.11545  0.07271  0.04130  0.02144  0.01218  0.85714  0.60000  0.57143  0.33333  0.00000  0.00000  0.00000  0.00000 
 20090416 83288 -13.27 -43.42  0.44637  0.20297  0.15614  0.17830  0.03384  0.02930  0.00998  0.00864  0.92857  0.66667  0.64286  0.53333  0.00000  0.00000  0.00000  0.00000 
 20090416 83309 -14.40 -56.45  0.60285  0.29740  0.33336  0.17026  0.08853  0.03863  0.02610  0.01139  0.78571  0.40000  0.50000  0.00000  0.00000  0.00000  0.00000  0.00000 
 20090416 83319 -14.70 -52.35  0.45137  0.13767  0.24985  0.10169  0.06770  0.03297  0.01996  0.00972  0.64286  0.46667  0.21429  0.26667  0.00000  0.00000  0.00000  0.00000 
 20090416 83332 -14.10 -46.37  0.81505  0.44182  0.36577  0.21470  0.03025  0.05090  0.00892  0.01501  1.00000  0.66667  0.92857  0.13333  0.00000  0.00000  0.00000  0.00000 
 20090416 83339 -14.05 -42.62  0.73217  0.43752  0.42481  0.27675  0.09423  0.05543  0.02778  0.01634  0.85714  0.66667  0.64286  0.33333  0.00000  0.00000  0.00000  0.00000 
 20090416 83344 -14.95 -40.88  0.91145  0.76299  0.54946  0.37388  0.09423  0.06860  0.02778  0.02022  1.00000  0.93333  0.78571  0.53333  0.00000  0.00000  0.00000  0.00000 
 20090416 83349 -14.80 -39.02  0.70657  0.84682  0.15670  0.31738  0.03889  0.09149  0.01896  0.06943  1.00000  1.00000  0.78571  0.93333  0.07143  0.40000  0.00000  0.26667 
 20090416 83358 -15.70 -54.30  0.43802  0.28661  0.24450  0.22669  0.05380  0.04710  0.01586  0.01389  0.64286  0.33333  0.21429  0.20000  0.00000  0.00000  0.00000  0.00000 
 20090416 83362 -15.65 -56.10  0.25467  0.24197  0.23010  0.18139  0.05866  0.04271  0.01729  0.01259  0.28571  0.20000  0.14286  0.06667  0.00000  0.00000  0.00000  0.00000 
 20090416 83368 -15.90 -52.23  0.27417  0.27284  0.19118  0.19329  0.04510  0.04695  0.01330  0.01384  0.28571  0.33333  0.07143  0.06667  0.00000  0.00000  0.00000  0.00000 
 20090416 83374 -15.92 -50.13  0.18903  0.26490  0.10487  0.18581  0.03182  0.03897  0.00938  0.01149  0.71429  0.33333  0.42857  0.06667  0.00000  0.00000  0.00000  0.00000 
 20090416 83378 -15.87 -47.93  0.29843  0.30031  0.14357  0.20154  0.02151  0.04285  0.00634  0.01263  0.85714  0.40000  0.64286  0.13333  0.00000  0.00000  0.00000  0.00000 
 20090416 83384 -15.90 -46.05  0.42995  0.26983  0.18333  0.18423  0.03194  0.04301  0.00942  0.01268  0.92857  0.33333  0.71429  0.06667  0.00000  0.00000  0.00000  0.00000 
 20090416 83386 -15.43 -44.37  0.87750  0.68266  0.29849  0.25217  0.04098  0.05539  0.01216  0.01633  1.00000  0.86667  0.85714  0.26667  0.07143  0.00000  0.00000  0.00000 
 20090416 83388 -15.15 -42.88  0.96342  0.43907  0.62636  0.25235  0.07240  0.06406  0.02135  0.01889  1.00000  0.66667  0.78571  0.26667  0.00000  0.00000  0.00000  0.00000 
 20090416 83393 -16.00 -41.28  0.87750  0.31148  0.25932  0.18594  0.03392  0.03111  0.01000  0.00917  1.00000  0.80000  0.85714  0.60000  0.00000  0.00000  0.00000  0.00000 
 20090416 83398 -15.67 -38.93  0.83545  0.93354  0.19144  0.58832  0.05457  0.08533  0.01991  0.07056  1.00000  1.00000  0.85714  1.00000  0.21429  0.33333  0.00000  0.26667 
 20090416 83405 -16.05 -57.68  0.28568  0.00000  0.23723  0.00000  0.07782  0.00000  0.02294  0.00000  0.35714  0.00000  0.14286  0.00000  0.00000  0.00000  0.00000  0.00000 
 20090416 83423 -16.68 -49.28  0.60147  0.25811  0.39366  0.13590  0.07751  0.03084  0.02285  0.00909  0.78571  0.26667  0.57143  0.00000  0.00000  0.00000  0.00000  0.00000 
 20090416 83437 -16.72 -43.87  0.46386  0.24703  0.21041  0.14915  0.02698  0.03384  0.00795  0.00998  1.00000  0.26667  0.78571  0.00000  0.00000  0.00000  0.00000  0.00000 
 20090416 83442 -16.85 -41.98  0.59655  0.58462  0.21264  0.34145  0.02689  0.06843  0.00793  0.02017  1.00000  0.80000  0.78571  0.46667  0.00000  0.00000  0.00000  0.00000 
 20090416 83470 -17.92 -50.92  0.24000  0.21831  0.14493  0.14962  0.03289  0.03395  0.00970  0.01001  0.21429  0.13333  0.00000  0.00000  0.00000  0.00000  0.00000  0.00000 
 20090416 83479 -17.22 -46.88  0.20292  0.24085  0.10454  0.15036  0.03038  0.03412  0.00896  0.01006  0.78571  0.20000  0.42857  0.00000  0.00000  0.00000  0.00000  0.00000 
 20090416 83483 -17.35 -44.95  0.30895  0.23737  0.16599  0.19083  0.02140  0.04259  0.00631  0.01256  0.85714  0.20000  0.64286  0.06667  0.00000  0.00000  0.00000  0.00000 
 20090416 83492 -17.85 -41.50  0.45031  0.41619  0.29237  0.22222  0.04223  0.05510  0.01158  0.01625  0.92857  0.60000  0.85714  0.13333  0.07143  0.00000  0.00000  0.00000 
 20090416 83497 -17.63 -39.25  0.94318  0.92124  0.64803  0.51211  0.09939  0.06729  0.07292  0.04771  1.00000  1.00000  1.00000  1.00000  0.57143  0.26667  0.35714  0.13333 
 20090416 83526 -18.17 -47.97  0.36875  0.18104  0.24799  0.12376  0.08258  0.02808  0.02435  0.00828  0.50000  0.06667  0.21429  0.00000  0.00000  0.00000  0.00000  0.00000 
 20090416 83531 -18.60 -46.52  0.28067  0.20183  0.25211  0.13205  0.04963  0.02996  0.01463  0.00883  0.35714  0.13333  0.28571  0.00000  0.00000  0.00000  0.00000  0.00000 
 20090416 83538 -18.23 -43.60  0.81433  0.26100  0.40655  0.14974  0.06784  0.03398  0.02000  0.01002  0.92857  0.26667  0.57143  0.00000  0.00000  0.00000  0.00000  0.00000 
 20090416 83550 -18.70 -39.85  0.88414  0.30749  0.27846  0.11126  0.08469  0.03259  0.04215  0.02523  1.00000  0.93333  0.92857  0.53333  0.42857  0.06667  0.14286  0.06667 
 20090416 83552 -19.00 -57.65  0.17536  0.00000  0.12445  0.00000  0.02824  0.00000  0.00833  0.00000  0.00000  0.00000  0.00000  0.00000  0.00000  0.00000  0.00000  0.00000 
 20090416 83565 -19.70 -51.18  0.18127  0.16211  0.12865  0.11505  0.02919  0.02611  0.00861  0.00770  0.00000  0.00000  0.00000  0.00000  0.00000  0.00000  0.00000  0.00000 
 20090416 83579 -19.57 -46.93  0.23240  0.21142  0.15857  0.12723  0.03598  0.02887  0.01061  0.00851  0.14286  0.13333  0.00000  0.00000  0.00000  0.00000  0.00000  0.00000 
 20090416 83592 -19.80 -42.15  0.24855  0.20940  0.13187  0.13686  0.03039  0.03105  0.00896  0.00916  0.85714  0.13333  0.57143  0.00000  0.00000  0.00000  0.00000  0.00000 
 20090416 83595 -19.48 -41.07  0.19167  0.22986  0.12586  0.14865  0.03126  0.03373  0.01163  0.00994  0.85714  0.20000  0.64286  0.00000  0.07143  0.00000  0.00000  0.00000 
 20090416 84658 -12.63 -69.20  0.10645  0.26568  0.05652  0.17072  0.02288  0.03874  0.00674  0.01142  0.42857  0.33333  0.07143  0.00000  0.00000  0.00000  0.00000  0.00000 
 20090416 84735 -15.48 -70.15  0.32751  0.43181  0.25619  0.29202  0.07803  0.05942  0.02301  0.01752  0.42857  0.66667  0.28571  0.40000  0.00000  0.00000  0.00000  0.00000 
 20090416 84782 -18.07 -70.30  0.28754  0.25195  0.15870  0.14974  0.03601  0.03398  0.01062  0.01002  0.35714  0.26667  0.00000  0.00000  0.00000  0.00000  0.00000  0.00000 
 20090416 85033 -10.82 -65.35  0.30810  0.28285  0.27594  0.15483  0.02545  0.02746  0.00750  0.00866  0.85714  0.93333  0.85714  0.73333  0.00000  0.06667  0.00000  0.00000 
 20090416 85041 -11.08 -68.87  0.53445  0.64194  0.42264  0.28990  0.08251  0.05098  0.02433  0.01503  0.71429  0.86667  0.64286  0.40000  0.00000  0.00000  0.00000  0.00000 
 20090416 85043 -11.02 -66.12  0.73716  0.33733  0.69625  0.23970  0.08843  0.03300  0.02607  0.00973  0.85714  0.86667  0.85714  0.73333  0.00000  0.00000  0.00000  0.00000 
 20090416 85104 -13.07 -64.67  0.27455  0.53048  0.18202  0.30432  0.02035  0.05111  0.00600  0.01507  0.85714  0.73333  0.71429  0.40000  0.00000  0.00000  0.00000  0.00000 
 20090416 85109 -13.12 -63.78  0.73258  0.60013  0.65636  0.35570  0.08823  0.06844  0.02601  0.02018  0.85714  0.80000  0.85714  0.53333  0.00000  0.00000  0.00000  0.00000 
 20090416 85114 -13.33 -64.15  0.72862  0.53183  0.46775  0.28311  0.08833  0.05519  0.02604  0.01627  0.85714  0.73333  0.71429  0.33333  0.00000  0.00000  0.00000  0.00000 
 20090416 85123 -13.72 -65.58  0.36454  0.30500  0.25272  0.19960  0.07261  0.04701  0.02141  0.01386  0.50000  0.40000  0.28571  0.13333  0.00000  0.00000  0.00000  0.00000 
 20090416 85141 -14.48 -67.48  0.08578  0.21549  0.05945  0.13590  0.02689  0.03084  0.00793  0.00909  0.35714  0.13333  0.14286  0.00000  0.00000  0.00000  0.00000  0.00000 
 20090416 85151 -14.73 -68.42  0.11135  0.13050  0.08647  0.10621  0.02402  0.03297  0.00708  0.00972  0.42857  0.40000  0.35714  0.26667  0.00000  0.00000  0.00000  0.00000 
 20090416 85152 -14.87 -66.75  0.24886  0.21157  0.23129  0.12376  0.06296  0.02808  0.01856  0.00828  0.21429  0.13333  0.14286  0.00000  0.00000  0.00000  0.00000  0.00000 
 20090416 85153 -14.97 -65.63  0.28619  0.23264  0.23523  0.14880  0.08274  0.03376  0.02439  0.00995  0.35714  0.20000  0.14286  0.00000  0.00000  0.00000  0.00000  0.00000 
 20090416 85154 -14.85 -64.95  0.29229  0.28056  0.24247  0.18683  0.08823  0.04277  0.02601  0.01261  0.35714  0.33333  0.21429  0.06667  0.00000  0.00000  0.00000  0.00000 
 20090416 85195 -16.27 -62.47  0.29069  0.21709  0.19931  0.13590  0.04517  0.03084  0.01332  0.00909  0.35714  0.13333  0.07143  0.00000  0.00000  0.00000  0.00000  0.00000 
 20090416 85196 -16.25 -62.10  0.27299  0.23704  0.21197  0.13590  0.06275  0.03084  0.01850  0.00909  0.28571  0.20000  0.07143  0.00000  0.00000  0.00000  0.00000  0.00000 
 20090416 85201 -16.52 -68.18  0.25338  0.26649  0.24282  0.23051  0.06292  0.05918  0.01855  0.01745  0.28571  0.33333  0.21429  0.20000  0.00000  0.00000  0.00000  0.00000 
 20090416 85207 -16.37 -60.95  0.21509  0.22667  0.15870  0.14915  0.03601  0.03384  0.01062  0.00998  0.07143  0.20000  0.00000  0.00000  0.00000  0.00000  0.00000  0.00000 
 20090416 85210 -16.38 -58.32  0.26046  0.00000  0.23456  0.00000  0.06749  0.00000  0.01990  0.00000  0.28571  0.00000  0.14286  0.00000  0.00000  0.00000  0.00000  0.00000 
 20090416 85223 -17.45 -66.10  0.23713  0.24413  0.15844  0.14934  0.03595  0.03389  0.01060  0.00999  0.14286  0.26667  0.00000  0.00000  0.00000  0.00000  0.00000  0.00000 
 20090416 85230 -17.58 -69.45  0.32405  0.31819  0.23354  0.14934  0.05417  0.03389  0.01597  0.00999  0.42857  0.46667  0.14286  0.00000  0.00000  0.00000  0.00000  0.00000 
 20090416 85242 -18.05 -67.07  0.23603  0.22118  0.19866  0.13590  0.04534  0.03084  0.01337  0.00909  0.14286  0.13333  0.07143  0.00000  0.00000  0.00000  0.00000  0.00000 
 20090416 85244 -17.65 -63.13  0.23794  0.00000  0.22701  0.00000  0.06267  0.00000  0.01848  0.00000  0.14286  0.00000  0.14286  0.00000  0.00000  0.00000  0.00000  0.00000 
 20090416 85245 -17.80 -63.17  0.23780  0.00000  0.22790  0.00000  0.06275  0.00000  0.01850  0.00000  0.14286  0.00000  0.14286  0.00000  0.00000  0.00000  0.00000  0.00000 
 20090416 85247 -17.83 -60.75  0.20422  0.16211  0.13984  0.11505  0.03173  0.02611  0.00936  0.00770  0.07143  0.00000  0.00000  0.00000  0.00000  0.00000  0.00000  0.00000 
 20090416 85264 -18.50 -64.10  0.23329  0.16211  0.15908  0.11505  0.03610  0.02611  0.01064  0.00770  0.14286  0.00000  0.00000  0.00000  0.00000  0.00000  0.00000  0.00000 
 20090416 85268 -18.32 -59.75  0.23877  0.00000  0.15758  0.00000  0.03575  0.00000  0.01054  0.00000  0.21429  0.00000  0.00000  0.00000  0.00000  0.00000  0.00000  0.00000 
 20090416 85283 -19.02 -65.27  0.23267  0.16559  0.19251  0.11752  0.04530  0.02667  0.01335  0.00786  0.14286  0.00000  0.07143  0.00000  0.00000  0.00000  0.00000  0.00000 
 20090416 85289 -19.00 -57.73  0.17536  0.16211  0.12445  0.11505  0.02824  0.02611  0.00833  0.00770  0.00000  0.00000  0.00000  0.00000  0.00000  0.00000  0.00000  0.00000 
 20090416 85293 -19.53 -65.72  0.23721  0.22025  0.22231  0.17072  0.05380  0.03874  0.01586  0.01142  0.14286  0.13333  0.14286  0.00000  0.00000  0.00000  0.00000  0.00000 
 20090416 85312 -19.83 -64.00  0.23773  0.16211  0.22930  0.11505  0.05870  0.02611  0.01731  0.00770  0.14286  0.00000  0.14286  0.00000  0.00000  0.00000  0.00000  0.00000 
