     87576 30092013   12  1013.0   8.8   5.2   270    8                                             
     87576 30092013   12  1012.0   6.6   3.8                28                                      
     87576 30092013   12   983.0               270   11                                             
     87576 30092013   12   946.0   2.4   2.2               577                                      
     87576 30092013   12   941.0   3.6   2.6               619                                      
     87576 30092013   12   939.0               245   26                                             
     87576 30092013   12   918.0               260   26                                             
     87576 30092013   12   863.0   2.2  -7.8              1319                                      
     87576 30092013   12   851.0   2.6  -5.4              1432                                      
     87576 30092013   12   812.0               270   27                                             
     87576 30092013   12   760.0  -3.3  -9.3              2336                                      
     87576 30092013   12   754.0  -1.9 -14.9              2398                                      
     87576 30092013   12   730.0  -3.1 -26.1              2654                                      
     87576 30092013   12   683.0               295   35                                             
     87576 30092013   12   675.0  -7.5 -19.5              3268                                      
     87576 30092013   12   650.0  -8.3 -34.3              3561                                      
     87576 30092013   12   628.0               285   48                                             
     87576 30092013   12   625.0 -10.1 -28.1              3864                                      
     87576 30092013   12   490.0 -23.9 -37.9              5689                                      
     87576 30092013   12   442.0               295   69                                             
     87576 30092013   12   380.0 -38.9 -56.9              7489                                      
     87576 30092013   12   375.0               300   66                                             
     87576 30092013   12   361.0 -37.9 -72.9              7841                                      
     87576 30092013   12   356.0               290   80                                             
     87576 30092013   12   334.0 -41.9 -76.9              8372                                      
     87576 30092013   12   292.0               295   63                                             
     87576 30092013   12   272.0               280   58                                             
     87576 30092013   12   271.0 -47.5 -71.5              9770                                      
     87576 30092013   12   255.0               290   49                                             
     87576 30092013   12   250.0 -51.3 -72.3             10298                                      
     87576 30092013   12   240.0               285   59                                             
     87576 30092013   12   234.0               275   56                                             
     87576 30092013   12   216.0 -47.5 -80.5             11255                                      
     87576 30092013   12   208.0               295   54                                             
     87576 30092013   12   189.0               275   52                                             
     87576 30092013   12   180.0               280   46                                             
     87576 30092013   12   171.0               290   54                                             
     87576 30092013   12   156.0 -55.1 -84.1   280   62  13369                                      
     87576 30092013   12   130.0               275   47                                             
     87576 30092013   12   122.0               275   65                                             
     87576 30092013   12   110.0               280   45                                             
     87576 30092013   12   100.0 -58.5 -85.5   290   61  16186                                      
     87576 30092013   12    96.0               275   58                                             
     87576 30092013   12    84.6 -56.9 -85.9             17241                                      
     87576 30092013   12    79.4               270   59                                             
     87576 30092013   12    71.8               260   40                                             
     87576 30092013   12    66.7               285   23                                             
     87576 30092013   12    66.0 -58.9 -86.9             18805                                      
     87576 30092013   12    65.6               295   24                                             
     87576 30092013   12    60.8               290   26                                             
     87576 30092013   12    59.5 -63.9 -89.9             19447                                      
     87576 30092013   12    56.5               265   36                                             
     87576 30092013   12    54.9 -60.9 -88.9             19943                                      
     87576 30092013   12    51.7               280   28                                             
     87576 30092013   12    46.5               295   41                                             
     87576 30092013   12    45.2 -63.1 -90.1             21144                                      
     87576 30092013   12    38.8               270   54                                             
     87576 30092013   12    35.6 -61.1 -90.1             22619                                      
     87576 30092013   12    35.1               260   52                                             
     87576 30092013   12    32.9               260   37                                             
     87576 30092013   12    32.3 -51.7 -84.7             23236                                      
     87576 30092013   12    31.1               295   26                                             
     87576 30092013   12    27.6               310   31                                             
     87576 30092013   12    27.3 -60.7 -89.7             24303                                      
     87576 30092013   12    25.0               260   45                                             
     87576 30092013   12    23.2               285   50                                             
     87576 30092013   12    23.1 -58.1 -88.1             25348                                      
     87576 30092013   12    21.5 -51.3 -85.3             25807                                      
     87576 30092013   12    21.3               280   52                                             
     87576 30092013   12    19.5 -47.7 -81.7             26445                                      
     87576 30092013   12    18.4               305   51                                             
     87576 30092013   12    16.0               295   42                                             
     87576 30092013   12    15.3 -47.7 -81.7             28046                                      
     87576 30092013   12    15.0 -45.5 -80.5             28177                                      
     87576 30092013   12    14.8               320   37                                             
     87576 30092013   12    13.7               305   42                                             
     87576 30092013   12    12.6               315   46                                             
     87576 30092013   12    12.0 -49.7 -81.7             29651                                      
     87576 30092013   12    11.5 -50.3 -82.3             29929                                      
     87576 30092013   12    10.7               285   50                                             
     87576 30092013   12     9.7               315   47                                             
     87576 30092013   12     9.4 -46.1 -81.1   305   47  31257                                      
