     87576 18092013    0  1015.0   9.4   2.4   300    6                                             
     87576 18092013    0  1014.0   7.4    .4                28                                      
     87576 18092013    0  1009.0               270   14                                             
     87576 18092013    0  1000.0   8.4    .4               142                                      
     87576 18092013    0   959.0   6.2  -3.8               486                                      
     87576 18092013    0   957.0               240   25                                             
     87576 18092013    0   799.0               230   36                                             
     87576 18092013    0   765.0               220   37                                             
     87576 18092013    0   758.0 -10.3 -12.1              2355                                      
     87576 18092013    0   744.0               230   42                                             
     87576 18092013    0   701.0 -14.7 -15.0              2952                                      
     87576 18092013    0   680.0               230   33                                             
     87576 18092013    0   674.0 -16.5 -18.4              3247                                      
     87576 18092013    0   658.0 -15.5 -25.5              3428                                      
     87576 18092013    0   657.0               245   24                                             
     87576 18092013    0   639.0 -16.7 -31.7              3648                                      
     87576 18092013    0   615.0 -18.7 -27.7              3934                                      
     87576 18092013    0   571.0               230   35                                             
     87576 18092013    0   557.0 -23.9 -43.9              4664                                      
     87576 18092013    0   550.0 -23.9 -62.9              4756                                      
     87576 18092013    0   537.0               220   27                                             
     87576 18092013    0   497.0 -27.7 -48.7              5489                                      
     87576 18092013    0   486.0               255   18                                             
     87576 18092013    0   459.0               240   14                                             
     87576 18092013    0   445.0               245   15                                             
     87576 18092013    0   434.0 -35.5 -42.5              6447                                      
     87576 18092013    0   422.0               210   10                                             
     87576 18092013    0   419.0 -37.5 -45.5              6690                                      
     87576 18092013    0   406.0 -39.1 -54.1              6906                                      
     87576 18092013    0   403.0               240   13                                             
     87576 18092013    0   401.0 -39.5 -69.5              6990                                      
     87576 18092013    0   363.0               260   28                                             
     87576 18092013    0   326.0 -45.9 -80.9              8387                                      
     87576 18092013    0   315.0               245   40                                             
     87576 18092013    0   304.0 -46.3 -81.3              8851                                      
     87576 18092013    0   292.0               255   49                                             
     87576 18092013    0   289.0 -49.1 -83.1              9184                                      
     87576 18092013    0   281.0               250   45                                             
     87576 18092013    0   268.0 -50.3 -84.3              9677                                      
     87576 18092013    0   258.0               275   42                                             
     87576 18092013    0   255.0 -48.1 -82.1             10003                                      
     87576 18092013    0   237.0               250   36                                             
     87576 18092013    0   230.0               265   31                                             
     87576 18092013    0   225.0               275   35                                             
     87576 18092013    0   196.0               270   55                                             
     87576 18092013    0   179.0               270   45                                             
     87576 18092013    0   137.0               290   58                                             
     87576 18092013    0   127.0               280   44                                             
     87576 18092013    0   123.0 -54.1 -87.1             14745                                      
     87576 18092013    0   121.0               275   47                                             
     87576 18092013    0   116.0 -52.5 -85.5             15122                                      
     87576 18092013    0   112.0               295   55                                             
     87576 18092013    0   106.0 -56.7 -88.7             15699                                      
     87576 18092013    0   100.0 -56.5 -88.5   285   60  16068                                      
     87576 18092013    0    97.2 -54.9 -86.9             16248                                      
     87576 18092013    0    91.0               285   46                                             
     87576 18092013    0    87.5 -57.5 -89.5             16915                                      
     87576 18092013    0    76.3               295   57                                             
     87576 18092013    0    67.3               285   62                                             
     87576 18092013    0    64.2 -55.1 -87.1             18881                                      
     87576 18092013    0    63.0               305   58                                             
     87576 18092013    0    53.6 -61.3 -92.3             20017                                      
     87576 18092013    0    50.1               285   74                                             
     87576 18092013    0    46.3               280   58                                             
     87576 18092013    0    42.1               300   50                                             
     87576 18092013    0    37.3 -55.7 -87.7             22295                                      
     87576 18092013    0    35.2               305   61                                             
     87576 18092013    0    33.4 -59.7 -90.7             22991                                      
     87576 18092013    0    32.8 -56.7 -88.7             23105                                      
     87576 18092013    0    31.1               290   67                                             
     87576 18092013    0    30.5 -54.9 -86.9             23567                                      
     87576 18092013    0    27.9               305   77                                             
     87576 18092013    0    26.9 -59.1 -90.1             24361                                      
     87576 18092013    0    24.8 -52.5 -85.5             24878                                      
     87576 18092013    0    24.0 -53.7 -86.7             25089                                      
     87576 18092013    0    21.0               295   82                                             
     87576 18092013    0    18.1               285   70                                             
     87576 18092013    0    16.8 -46.5 -81.5             27418                                      
     87576 18092013    0    16.5               300   62                                             
     87576 18092013    0    15.4               295   70                                             
     87576 18092013    0    15.3 -47.5 -82.5             28037                                      
