     87576 17092013   12  1016.0   5.8    .8   240    4                                             
     87576 17092013   12  1005.0               225   11                                             
     87576 17092013   12   989.0               230   16                                             
     87576 17092013   12   966.0   1.2   -.6               429                                      
     87576 17092013   12   933.0               190   32                                             
     87576 17092013   12   876.0  -1.9  -5.5              1211                                      
     87576 17092013   12   865.0               215   31                                             
     87576 17092013   12   759.0 -10.7 -10.9              2332                                      
     87576 17092013   12   722.0               210   28                                             
     87576 17092013   12   721.0 -11.7 -14.9              2726                                      
     87576 17092013   12   712.0 -10.7 -15.7              2822                                      
     87576 17092013   12   692.0 -12.1 -19.1              3040                                      
     87576 17092013   12   687.0 -11.9 -29.9              3095                                      
     87576 17092013   12   681.0 -12.1 -46.1              3162                                      
     87576 17092013   12   669.0               225   35                                             
     87576 17092013   12   603.0 -19.5 -53.5              4078                                      
     87576 17092013   12   592.0               230   31                                             
     87576 17092013   12   551.0 -24.5 -51.5              4741                                      
     87576 17092013   12   545.0               255   19                                             
     87576 17092013   12   524.0               255   17                                             
     87576 17092013   12   499.0 -30.7 -37.7              5453                                      
     87576 17092013   12   491.0 -31.5 -40.5              5567                                      
     87576 17092013   12   489.0               220   11                                             
     87576 17092013   12   487.0 -31.3 -48.3              5624                                      
     87576 17092013   12   444.0 -36.3 -45.3              6272                                      
     87576 17092013   12   437.0 -36.9 -37.5              6382                                      
     87576 17092013   12   425.0 -38.3 -41.5              6574                                      
     87576 17092013   12   419.0 -39.1 -57.1              6671                                      
     87576 17092013   12   408.0 -40.7 -57.7              6852                                      
     87576 17092013   12   387.0                55    2                                             
     87576 17092013   12   350.0 -45.7 -80.7              7884                                      
     87576 17092013   12   347.0               310   10                                             
     87576 17092013   12   326.0               290   15                                             
     87576 17092013   12   307.0               305   25                                             
     87576 17092013   12   297.0               295   21                                             
     87576 17092013   12   286.0               315   28                                             
     87576 17092013   12   267.0               290   26                                             
     87576 17092013   12   232.0               305   33                                             
     87576 17092013   12   199.0 -50.1 -84.1             11607                                      
     87576 17092013   12   194.0               285   41                                             
     87576 17092013   12   180.0               290   51                                             
     87576 17092013   12   178.0 -47.9 -82.9             12339                                      
     87576 17092013   12   173.0               300   47                                             
     87576 17092013   12   159.0               290   49                                             
     87576 17092013   12   140.0               310   50                                             
     87576 17092013   12   129.0               290   61                                             
     87576 17092013   12   122.0 -55.3 -87.3   290   55  14789                                      
     87576 17092013   12   115.0               310   58                                             
     87576 17092013   12   100.0 -56.7 -88.7   295   62  16053                                      
     87576 17092013   12    92.2 -58.3 -89.3             16565                                      
     87576 17092013   12    89.5               290   57                                             
     87576 17092013   12    82.5 -55.5 -87.5             17269                                      
     87576 17092013   12    72.8               310   63                                             
     87576 17092013   12    67.3               300   70                                             
     87576 17092013   12    64.6 -59.7 -90.7             18812                                      
     87576 17092013   12    63.8               290   62                                             
     87576 17092013   12    62.0 -59.1 -90.1             19069                                      
     87576 17092013   12    57.2 -63.3 -93.3             19569                                      
     87576 17092013   12    56.9               305   50                                             
     87576 17092013   12    56.8 -60.3 -91.3             19612                                      
     87576 17092013   12    54.7 -59.9 -90.9   290   53  19847                                      
     87576 17092013   12    49.3               310   56                                             
     87576 17092013   12    46.9 -63.3 -93.3             20799                                      
     87576 17092013   12    44.3 -59.5 -90.5             21152                                      
     87576 17092013   12    42.3               290   68                                             
     87576 17092013   12    39.0 -61.9 -91.9             21944                                      
     87576 17092013   12    38.3               300   83                                             
     87576 17092013   12    34.4 -54.5 -87.5             22734                                      
     87576 17092013   12    31.1 -55.7 -87.7             23378                                      
     87576 17092013   12    29.1 -51.5 -84.5             23804                                      
     87576 17092013   12    27.4               295   62                                             
     87576 17092013   12    23.4               310   67                                             
     87576 17092013   12    21.5               295   70                                             
     87576 17092013   12    21.3 -54.5 -86.5             25815                                      
     87576 17092013   12    19.9               310   71                                             
     87576 17092013   12    18.5               305   81                                             
     87576 17092013   12    17.8 -50.7 -84.7             26974                                      
     87576 17092013   12    16.7               295   76                                             
     87576 17092013   12    15.4 -42.5 -78.5             27934                                      
     87576 17092013   12    14.8               305   67                                             
     87576 17092013   12    13.7 -45.7 -80.7             28718                                      
     87576 17092013   12    13.1               300   61                                             
     87576 17092013   12    12.0 -43.3 -79.3             29605                                      
     87576 17092013   12    11.9               300   75                                             
     87576 17092013   12    11.1 -45.7 -80.7             30127                                      
     87576 17092013   12    10.4 -41.3 -78.3   315   68  30565                                      
