     87576 20092013   12  1011.0  13.8   4.8    50    8                                             
     87576 20092013   12  1003.0                25   15                                             
     87576 20092013   12   977.0                15   26                                             
     87576 20092013   12   944.0               350   21                                             
     87576 20092013   12   914.0               355   16                                             
     87576 20092013   12   885.0   7.4  -3.6              1128                                      
     87576 20092013   12   861.0   7.0  -9.0              1354                                      
     87576 20092013   12   857.0               305   11                                             
     87576 20092013   12   850.0   7.8 -22.2              1459                                      
     87576 20092013   12   814.0               330   10                                             
     87576 20092013   12   792.0               315    8                                             
     87576 20092013   12   752.0               325   10                                             
     87576 20092013   12   730.0   -.9 -28.9              2692                                      
     87576 20092013   12   713.0               355   17                                             
     87576 20092013   12   650.0  -5.1 -24.1              3609                                      
     87576 20092013   12   649.0               345   27                                             
     87576 20092013   12   642.0  -3.9 -24.9              3706                                      
     87576 20092013   12   609.0               300   29                                             
     87576 20092013   12   599.0  -6.5 -31.5              4250                                      
     87576 20092013   12   528.0               320   43                                             
     87576 20092013   12   482.0 -20.7 -34.7              5901                                      
     87576 20092013   12   427.0 -29.3 -33.7              6781                                      
     87576 20092013   12   423.0 -29.9 -32.3              6848                                      
     87576 20092013   12   329.0 -44.1 -46.1              8585                                      
     87576 20092013   12   319.0               320   78                                             
     87576 20092013   12   311.0 -47.3 -52.3              8959                                      
     87576 20092013   12   308.0 -47.5 -62.5              9023                                      
     87576 20092013   12   306.0 -47.9 -61.9              9066                                      
     87576 20092013   12   299.0 -47.7 -63.7              9218                                      
     87576 20092013   12   230.0 -57.9 -72.9             10910                                      
     87576 20092013   12   229.0               290  105                                             
     87576 20092013   12   182.0 -52.5 -85.5             12403                                      
     87576 20092013   12   151.0               290   60                                             
     87576 20092013   12   127.0               290   82                                             
     87576 20092013   12   113.0               280   55                                             
     87576 20092013   12   100.0 -57.5 -89.5   280   49  16229                                      
     87576 20092013   12    96.3               275   43                                             
     87576 20092013   12    95.3 -55.9 -87.9             16534                                      
     87576 20092013   12    92.1               290   39                                             
     87576 20092013   12    85.6               270   39                                             
     87576 20092013   12    79.6 -61.9 -91.9             17663                                      
     87576 20092013   12    73.8 -57.3 -89.3             18136                                      
     87576 20092013   12    73.7               290   31                                             
     87576 20092013   12    62.8               255   18                                             
     87576 20092013   12    60.3               280   19                                             
     87576 20092013   12    58.7 -62.1 -92.1             19566                                      
     87576 20092013   12    55.5               245   21                                             
     87576 20092013   12    49.9               265   17                                             
     87576 20092013   12    48.8 -54.9 -86.9             20726                                      
     87576 20092013   12    48.2               260   10                                             
     87576 20092013   12    47.2               285    9                                             
     87576 20092013   12    46.1               325   13                                             
     87576 20092013   12    44.1               335   21                                             
     87576 20092013   12    42.4               330   15                                             
     87576 20092013   12    41.2               305   18                                             
     87576 20092013   12    39.4               315   18                                             
     87576 20092013   12    37.1               270   15                                             
     87576 20092013   12    34.3               255   18                                             
     87576 20092013   12    33.1 -57.9 -88.9             23190                                      
     87576 20092013   12    32.8               280   21                                             
     87576 20092013   12    29.8               275   25                                             
     87576 20092013   12    28.6               265   20                                             
     87576 20092013   12    27.7               275   14                                             
     87576 20092013   12    26.7               235    3                                             
     87576 20092013   12    22.8               240   25                                             
     87576 20092013   12    21.4               260   15                                             
     87576 20092013   12    20.9               285   10                                             
     87576 20092013   12    20.0               300    7                                             
     87576 20092013   12    19.0               300   10                                             
     87576 20092013   12    18.3               245   11                                             
     87576 20092013   12    18.2 -48.7 -82.7             27041                                      
     87576 20092013   12    16.5               215   22                                             
     87576 20092013   12    15.7 -52.1 -85.1   190   15  28004                                      
     87576 20092013   12    15.1               215   13                                             
     87576 20092013   12    14.6               205   14                                             
     87576 20092013   12    13.3               255   10                                             
     87576 20092013   12    12.2 -48.7 -82.7   255   11  29649                                      
