     87576 25092013    0  1029.0  10.8   3.8    80    6                                             
     87576 25092013    0  1027.0   9.4   3.4                36                                      
     87576 25092013    0   975.0                75   14                                             
     87576 25092013    0   955.0                95   12                                             
     87576 25092013    0   927.0   3.0    .7               875                                      
     87576 25092013    0   873.0  -1.1  -5.2              1357                                      
     87576 25092013    0   856.0   -.3 -13.3              1514                                      
     87576 25092013    0   846.0   -.5 -15.5              1607                                      
     87576 25092013    0   833.0    .8 -36.2              1731                                      
     87576 25092013    0   737.0  -5.7 -26.7              2701                                      
     87576 25092013    0   729.0               105    2                                             
     87576 25092013    0   723.0  -4.3 -42.3              2851                                      
     87576 25092013    0   717.0  -4.9 -24.9              2916                                      
     87576 25092013    0   679.0  -6.5 -40.5              3342                                      
     87576 25092013    0   639.0               225   11                                             
     87576 25092013    0   597.0               215   15                                             
     87576 25092013    0   582.0 -16.3 -31.3              4523                                      
     87576 25092013    0   572.0               230   19                                             
     87576 25092013    0   556.0               220   27                                             
     87576 25092013    0   521.0 -22.7 -42.7              5345                                      
     87576 25092013    0   494.0 -23.9 -60.9              5734                                      
     87576 25092013    0   485.0 -23.1 -65.1              5868                                      
     87576 25092013    0   444.0 -25.9 -66.9              6511                                      
     87576 25092013    0   373.0               230   53                                             
     87576 25092013    0   359.0 -37.1 -61.1              8014                                      
     87576 25092013    0   336.0               225   48                                             
     87576 25092013    0   284.0               240   51                                             
     87576 25092013    0   283.0 -46.5 -69.5              9625                                      
     87576 25092013    0   257.0               250   70                                             
     87576 25092013    0   235.0 -43.7 -79.7             10865                                      
     87576 25092013    0   156.0               260   44                                             
     87576 25092013    0   139.0               260   56                                             
     87576 25092013    0   120.0               240   41                                             
     87576 25092013    0   114.0 -60.1 -89.1             15552                                      
     87576 25092013    0   106.0               260   36                                             
     87576 25092013    0   100.0 -61.3 -90.3   265   44  16367                                      
     87576 25092013    0    85.8 -62.5 -91.5             17314                                      
     87576 25092013    0    80.5               255   34                                             
     87576 25092013    0    74.8               275   20                                             
     87576 25092013    0    69.4               305   23                                             
     87576 25092013    0    64.4               300   33                                             
     87576 25092013    0    58.7 -62.1 -92.1             19657                                      
     87576 25092013    0    55.4               230   14                                             
     87576 25092013    0    53.9               265    8                                             
     87576 25092013    0    52.9               285   10                                             
     87576 25092013    0    48.7               270   18                                             
     87576 25092013    0    45.9 -58.3 -89.3             21190                                      
     87576 25092013    0    45.5               295   15                                             
     87576 25092013    0    43.5               270   15                                             
     87576 25092013    0    41.0 -60.1 -91.1             21897                                      
     87576 25092013    0    39.7               265   17                                             
     87576 25092013    0    36.7               295   22                                             
     87576 25092013    0    35.3               275   14                                             
     87576 25092013    0    34.2               305   11                                             
     87576 25092013    0    32.5               305   12                                             
     87576 25092013    0    31.8 -54.3 -87.3             23504                                      
     87576 25092013    0    31.1 -54.9 -86.9             23646                                      
     87576 25092013    0    30.8               360   12                                             
     87576 25092013    0    29.1               355   10                                             
     87576 25092013    0    27.9               265    1                                             
     87576 25092013    0    26.8                50   10                                             
     87576 25092013    0    26.2                30   15                                             
     87576 25092013    0    25.8 -54.5 -87.5             24841                                      
     87576 25092013    0    25.2                40   12                                             
     87576 25092013    0    24.4                 5   16                                             
     87576 25092013    0    22.9 -49.9 -83.9             25612                                      
     87576 25092013    0    22.8                25   14                                             
     87576 25092013    0    22.4                15   10                                             
     87576 25092013    0    21.0                 5    6                                             
     87576 25092013    0    19.5                65   14                                             
     87576 25092013    0    18.5                35   21                                             
     87576 25092013    0    18.3 -49.3 -83.3             27080                                      
     87576 25092013    0    17.5                50   14                                             
     87576 25092013    0    16.9 -45.3 -80.3             27606                                      
     87576 25092013    0    16.6                35   12                                             
     87576 25092013    0    14.5                65   20                                             
     87576 25092013    0    14.0 -45.3 -80.3    85   19  28862                                      
     87576 25092013    0    13.6                80   19                                             
     87576 25092013    0    12.9                55   28                                             
     87576 25092013    0    11.8 -40.5 -77.5             30014                                      
     87576 25092013    0    11.7 -40.7 -77.7    60   45  30071                                      
