     87576 23092013    0  1025.0   9.2   4.2   110    6                                             
     87576 23092013    0  1023.0  10.4   4.4                36                                      
     87576 23092013    0  1018.0                90   14                                             
     87576 23092013    0  1000.0               100   17                                             
     87576 23092013    0   956.0               100   13                                             
     87576 23092013    0   934.0               135   10                                             
     87576 23092013    0   906.0   2.0    .5              1031                                      
     87576 23092013    0   846.0               150   14                                             
     87576 23092013    0   818.0  -3.7  -9.7              1847                                      
     87576 23092013    0   807.0               175   13                                             
     87576 23092013    0   732.0 -10.7 -12.2              2713                                      
     87576 23092013    0   731.0               180   11                                             
     87576 23092013    0   729.0 -10.1 -14.9              2744                                      
     87576 23092013    0   717.0 -10.9 -17.9              2871                                      
     87576 23092013    0   708.0 -10.3 -25.3              2968                                      
     87576 23092013    0   684.0               225    4                                             
     87576 23092013    0   667.0 -12.7 -35.7              3424                                      
     87576 23092013    0   661.0               220   10                                             
     87576 23092013    0   633.0 -15.1 -32.1              3821                                      
     87576 23092013    0   622.0 -15.9 -24.9              3953                                      
     87576 23092013    0   606.0 -16.9 -30.9              4149                                      
     87576 23092013    0   595.0               285   20                                             
     87576 23092013    0   586.0 -18.9 -22.1              4399                                      
     87576 23092013    0   582.0 -18.7 -27.7              4450                                      
     87576 23092013    0   567.0 -20.3 -30.3              4644                                      
     87576 23092013    0   558.0 -20.1 -42.1              4762                                      
     87576 23092013    0   553.0               295   26                                             
     87576 23092013    0   534.0               280   24                                             
     87576 23092013    0   524.0               295   22                                             
     87576 23092013    0   519.0 -20.1 -63.1              5298                                      
     87576 23092013    0   515.0               280   24                                             
     87576 23092013    0   497.0               290   20                                             
     87576 23092013    0   479.0               300   24                                             
     87576 23092013    0   473.0 -24.7 -47.7              5979                                      
     87576 23092013    0   413.0 -34.1 -42.1              6947                                      
     87576 23092013    0   408.0 -34.7 -46.7              7032                                      
     87576 23092013    0   406.0 -34.3 -57.3              7066                                      
     87576 23092013    0   396.0 -33.7 -70.7              7240                                      
     87576 23092013    0   385.0 -33.9 -66.9              7437                                      
     87576 23092013    0   349.0               310   43                                             
     87576 23092013    0   328.0 -42.9 -68.9              8538                                      
     87576 23092013    0   289.0 -46.1 -74.1              9384                                      
     87576 23092013    0   273.0               305   50                                             
     87576 23092013    0   267.0 -47.1 -73.1              9909                                      
     87576 23092013    0   260.0               285   50                                             
     87576 23092013    0   259.0 -43.3 -78.3             10112                                      
     87576 23092013    0   241.0 -45.5 -80.5             10594                                      
     87576 23092013    0   239.0               290   59                                             
     87576 23092013    0   218.0               280   46                                             
     87576 23092013    0   206.0 -41.7 -77.7             11648                                      
     87576 23092013    0   205.0               275   55                                             
     87576 23092013    0   166.0               285   47                                             
     87576 23092013    0   156.0               270   43                                             
     87576 23092013    0   139.0               290   37                                             
     87576 23092013    0   130.0               270   40                                             
     87576 23092013    0   124.0               270   22                                             
     87576 23092013    0   123.0               275   19                                             
     87576 23092013    0   119.0               295   24                                             
     87576 23092013    0   113.0               285   37                                             
     87576 23092013    0   100.0 -59.3 -88.3   270   29  16360                                      
     87576 23092013    0    98.7 -59.9 -88.9             16441                                      
     87576 23092013    0    96.9               285   26                                             
     87576 23092013    0    92.5               275   29                                             
     87576 23092013    0    89.4               305   31                                             
     87576 23092013    0    86.6               305   37                                             
     87576 23092013    0    83.3               290   29                                             
     87576 23092013    0    82.8 -58.7 -89.7             17541                                      
     87576 23092013    0    80.3               300   29                                             
     87576 23092013    0    71.4 -62.9 -91.9             18462                                      
     87576 23092013    0    70.1               285   29                                             
     87576 23092013    0    69.1 -63.3 -91.3             18662                                      
     87576 23092013    0    66.9               265   32                                             
     87576 23092013    0    65.1               255   25                                             
     87576 23092013    0    62.1               220   16                                             
     87576 23092013    0    60.1 -57.7 -89.7             19531                                      
     87576 23092013    0    58.0               260    1                                             
     87576 23092013    0    53.8               290   10                                             
     87576 23092013    0    51.6               235   14                                             
     87576 23092013    0    51.0 -57.5 -89.5             20567                                      
     87576 23092013    0    48.1               290   10                                             
     87576 23092013    0    47.9 -58.7 -89.7             20961                                      
     87576 23092013    0    46.7               275   11                                             
     87576 23092013    0    45.6               195    1                                             
     87576 23092013    0    44.7 -55.9 -87.9             21398                                      
     87576 23092013    0    41.6               320   16                                             
     87576 23092013    0    38.7               285   21                                             
     87576 23092013    0    37.5               285   15                                             
     87576 23092013    0    37.0 -58.9 -89.9             22592                                      
     87576 23092013    0    36.0               330   12                                             
     87576 23092013    0    35.2               330   14                                             
     87576 23092013    0    29.9               235    4                                             
     87576 23092013    0    28.7               230   10                                             
     87576 23092013    0    24.2 -52.1 -85.1             25298                                      
     87576 23092013    0    23.4                85   10                                             
     87576 23092013    0    22.4                95   14                                             
     87576 23092013    0    21.7                75   17                                             
     87576 23092013    0    20.8                30   10                                             
     87576 23092013    0    20.7 -54.3 -87.3             26304                                      
     87576 23092013    0    20.3                30    4                                             
     87576 23092013    0    18.7               145   10                                             
     87576 23092013    0    18.2               135   14                                             
     87576 23092013    0    17.5               155   12                                             
     87576 23092013    0    16.9               130   10                                             
     87576 23092013    0    14.0               135    3                                             
     87576 23092013    0    13.6               135   10                                             
     87576 23092013    0    13.2               150   18                                             
     87576 23092013    0    12.9               165   18                                             
     87576 23092013    0    12.0               165   16                                             
     87576 23092013    0    11.5               185   17                                             
     87576 23092013    0    11.3 -45.1 -80.1   180   20  30265                                      
