     87576 21092013    0  1006.0  15.8   5.8    50    4                                             
     87576 21092013    0  1005.0  14.6   5.6                28                                      
     87576 21092013    0   990.0  14.4   6.4               154                                      
     87576 21092013    0   980.0                55   11                                             
     87576 21092013    0   979.0  16.0  -3.0               248                                      
     87576 21092013    0   975.0                65   10                                             
     87576 21092013    0   914.0                 0    0                                             
     87576 21092013    0   871.0               240   10                                             
     87576 21092013    0   852.0               250   13                                             
     87576 21092013    0   810.0               240   18                                             
     87576 21092013    0   769.0               260   23                                             
     87576 21092013    0   759.0   -.7  -2.8              2344                                      
     87576 21092013    0   751.0   -.1  -6.1              2428                                      
     87576 21092013    0   678.0               255   32                                             
     87576 21092013    0   654.0  -8.1  -9.8              3519                                      
     87576 21092013    0   643.0               255   28                                             
     87576 21092013    0   622.0               270   20                                             
     87576 21092013    0   615.0  -9.5 -19.5              3995                                      
     87576 21092013    0   572.0               285   25                                             
     87576 21092013    0   510.0 -20.7 -25.7              5410                                      
     87576 21092013    0   502.0               275   42                                             
     87576 21092013    0   460.0 -26.7 -39.7              6163                                      
     87576 21092013    0   453.0 -27.5 -38.5              6273                                      
     87576 21092013    0   377.0 -38.9 -41.7              7563                                      
     87576 21092013    0   374.0 -39.3 -45.3              7617                                      
     87576 21092013    0   372.0               305   62                                             
     87576 21092013    0   360.0 -41.9 -44.5              7876                                      
     87576 21092013    0   340.0 -45.1 -54.1              8260                                      
     87576 21092013    0   336.0 -44.9 -65.9              8339                                      
     87576 21092013    0   328.0               300   51                                             
     87576 21092013    0   301.0               295   67                                             
     87576 21092013    0   298.0 -47.5 -72.5              9136                                      
     87576 21092013    0   286.0               290   58                                             
     87576 21092013    0   254.0 -48.1 -81.1             10190                                      
     87576 21092013    0   236.0               285   75                                             
     87576 21092013    0   228.0 -44.9 -79.9             10906                                      
     87576 21092013    0   202.0               295   58                                             
     87576 21092013    0   191.0 -51.3 -84.3             12072                                      
     87576 21092013    0   186.0               295   82                                             
     87576 21092013    0   171.0 -47.9 -81.9             12796                                      
     87576 21092013    0   150.0               295   73                                             
     87576 21092013    0   140.0 -54.1 -87.1             14096                                      
     87576 21092013    0   126.0               285   71                                             
     87576 21092013    0   117.0               275   59                                             
     87576 21092013    0   104.0               285   44                                             
     87576 21092013    0   100.0 -54.5 -86.5   285   45  16252                                      
     87576 21092013    0    93.6               290   36                                             
     87576 21092013    0    89.4               295   42                                             
     87576 21092013    0    83.2               285   51                                             
     87576 21092013    0    75.1 -62.3 -91.3             18052                                      
     87576 21092013    0    72.5               285   37                                             
     87576 21092013    0    66.8 -57.3 -89.3             18783                                      
     87576 21092013    0    66.7               250   30                                             
     87576 21092013    0    62.5               280   24                                             
     87576 21092013    0    61.4 -60.5 -91.5             19311                                      
     87576 21092013    0    59.3               275   29                                             
     87576 21092013    0    58.5 -57.3 -89.3             19614                                      
     87576 21092013    0    56.3               300   18                                             
     87576 21092013    0    55.3 -58.7 -89.7             19968                                      
     87576 21092013    0    54.7               310   22                                             
     87576 21092013    0    51.0 -55.7 -87.7             20479                                      
     87576 21092013    0    49.1               265   21                                             
     87576 21092013    0    46.9 -57.9 -88.9             21009                                      
     87576 21092013    0    46.4               260   32                                             
     87576 21092013    0    44.1               265   22                                             
     87576 21092013    0    41.4               245   23                                             
     87576 21092013    0    38.9               260   14                                             
     87576 21092013    0    38.7 -53.7 -86.7             22232                                      
     87576 21092013    0    37.8               235   15                                             
     87576 21092013    0    36.9               260   10                                             
     87576 21092013    0    36.3               280   11                                             
     87576 21092013    0    34.9               305   12                                             
     87576 21092013    0    33.7               305   12                                             
     87576 21092013    0    32.9 -57.5 -89.5             23266                                      
     87576 21092013    0    30.9               240   14                                             
     87576 21092013    0    30.1               235   15                                             
     87576 21092013    0    29.0               280   15                                             
     87576 21092013    0    28.6               280   15                                             
     87576 21092013    0    27.8               230   13                                             
     87576 21092013    0    27.4               220   14                                             
     87576 21092013    0    27.0 -54.7 -87.7             24521                                      
     87576 21092013    0    26.4               255   22                                             
     87576 21092013    0    25.4 -56.5 -88.5             24910                                      
     87576 21092013    0    25.3               255   31                                             
     87576 21092013    0    24.1 -51.1 -85.1   245   16  25247                                      
     87576 21092013    0    23.4               200    2                                             
     87576 21092013    0    21.7                 0    0                                             
     87576 21092013    0    20.8               175   10                                             
     87576 21092013    0    16.3 -51.7 -84.7             27786                                      
     87576 21092013    0    11.5 -50.9 -84.9             30052                                      
     87576 21092013    0     9.9 -46.5 -81.5             31036                                      
     87576 21092013    0     9.1 -48.1 -82.1             31593                                      
