     87576 26092013    0  1022.0  12.6   8.2    90    6                                             
     87576 26092013    0   992.0  10.0   7.8               268                                      
     87576 26092013    0   980.0  10.8   4.8               369                                      
     87576 26092013    0   953.0                40   19                                             
     87576 26092013    0   891.0   5.8  -2.2              1155                                      
     87576 26092013    0   881.0                 5   21                                             
     87576 26092013    0   795.0               355   20                                             
     87576 26092013    0   781.0  -4.5  -5.0              2213                                      
     87576 26092013    0   773.0   -.5 -21.5              2294                                      
     87576 26092013    0   764.0                15   13                                             
     87576 26092013    0   763.0    .0 -27.0              2398                                      
     87576 26092013    0   711.0  -1.5 -44.5              2961                                      
     87576 26092013    0   667.0               280    7                                             
     87576 26092013    0   647.0               250   10                                             
     87576 26092013    0   574.0 -10.9 -44.9              4633                                      
     87576 26092013    0   546.0               235   28                                             
     87576 26092013    0   448.0               255   37                                             
     87576 26092013    0   401.0               240   45                                             
     87576 26092013    0   371.0 -34.5 -52.5              7834                                      
     87576 26092013    0   345.0               240   38                                             
     87576 26092013    0   324.0 -40.5 -64.5              8768                                      
     87576 26092013    0   282.0               245   72                                             
     87576 26092013    0   234.0 -47.7 -77.7             10950                                      
     87576 26092013    0   232.0               250   58                                             
     87576 26092013    0   218.0               265   51                                             
     87576 26092013    0   188.0               260   62                                             
     87576 26092013    0   179.0               260   47                                             
     87576 26092013    0   162.0               265   60                                             
     87576 26092013    0   160.0 -54.7 -84.7             13421                                      
     87576 26092013    0   156.0               260   50                                             
     87576 26092013    0   135.0               280   59                                             
     87576 26092013    0   129.0               275   61                                             
     87576 26092013    0   124.0 -56.3 -86.3             15045                                      
     87576 26092013    0   117.0               260   45                                             
     87576 26092013    0   111.0               285   27                                             
     87576 26092013    0   109.0               300   30                                             
     87576 26092013    0   100.0 -62.9 -88.9   290   44  16390                                      
     87576 26092013    0    90.8               280   29                                             
     87576 26092013    0    88.3               290   24                                             
     87576 26092013    0    87.1 -65.9 -90.9             17234                                      
     87576 26092013    0    86.0               305   31                                             
     87576 26092013    0    81.8               305   34                                             
     87576 26092013    0    75.6               325   34                                             
     87576 26092013    0    74.7 -61.3 -89.3             18176                                      
     87576 26092013    0    70.6               305   29                                             
     87576 26092013    0    68.4               315   30                                             
     87576 26092013    0    63.1 -63.5 -91.5             19217                                      
     87576 26092013    0    56.5               295   21                                             
     87576 26092013    0    55.7               300   20                                             
     87576 26092013    0    54.9               305   21                                             
     87576 26092013    0    50.6               285   25                                             
     87576 26092013    0    45.6               305   27                                             
     87576 26092013    0    43.5               280   26                                             
     87576 26092013    0    41.9               315   23                                             
     87576 26092013    0    41.8 -56.1 -88.1             21790                                      
     87576 26092013    0    40.0               325   32                                             
     87576 26092013    0    37.0               290   12                                             
     87576 26092013    0    34.6               295   20                                             
     87576 26092013    0    32.9               270   13                                             
     87576 26092013    0    32.4               280   11                                             
     87576 26092013    0    31.4               325   13                                             
     87576 26092013    0    29.3 -58.9 -89.9             24033                                      
     87576 26092013    0    28.5               330   14                                             
     87576 26092013    0    27.3               300   11                                             
     87576 26092013    0    26.6               315    5                                             
     87576 26092013    0    25.3 -54.1 -87.1             24964                                      
     87576 26092013    0    25.2               355   10                                             
     87576 26092013    0    24.2               350   14                                             
     87576 26092013    0    23.5                10   18                                             
     87576 26092013    0    22.8 -54.7 -86.7             25630                                      
     87576 26092013    0    21.4               340   12                                             
     87576 26092013    0    19.8                15   12                                             
     87576 26092013    0    19.6 -48.7 -82.7             26610                                      
     87576 26092013    0    18.7               360   13                                             
     87576 26092013    0    18.0                25   12                                             
     87576 26092013    0    17.2 -51.1 -84.1             27464                                      
     87576 26092013    0    17.1               360   16                                             
     87576 26092013    0    16.6                15   14                                             
     87576 26092013    0    16.2                35   18                                             
     87576 26092013    0    15.3                25   24                                             
     87576 26092013    0    14.3                45   39                                             
     87576 26092013    0    13.3                50   28                                             
     87576 26092013    0    13.2 -44.5 -80.5             29210                                      
     87576 26092013    0    11.8 -45.7 -80.7    25   42  29958                                      
