     87576 30092013    0  1015.0  12.8   5.8   360    2                                             
     87576 30092013    0   958.0               300   10                                             
     87576 30092013    0   933.0               285   16                                             
     87576 30092013    0   864.0               295   19                                             
     87576 30092013    0   849.0   -.3   -.3              1483                                      
     87576 30092013    0   839.0   1.4   1.2              1578                                      
     87576 30092013    0   818.0    .8  -3.3              1782                                      
     87576 30092013    0   817.0               280   26                                             
     87576 30092013    0   797.0   2.0  -5.0              1991                                      
     87576 30092013    0   759.0   1.2 -14.8              2384                                      
     87576 30092013    0   728.0               320   19                                             
     87576 30092013    0   723.0  -1.3 -19.3              2772                                      
     87576 30092013    0   716.0               310   18                                             
     87576 30092013    0   648.0  -7.7 -18.7              3633                                      
     87576 30092013    0   637.0               295   26                                             
     87576 30092013    0   597.0               300   34                                             
     87576 30092013    0   591.0 -12.3 -33.3              4342                                      
     87576 30092013    0   573.0               290   31                                             
     87576 30092013    0   572.0 -13.7 -26.7              4591                                      
     87576 30092013    0   527.0 -16.3 -53.3              5210                                      
     87576 30092013    0   516.0               310   58                                             
     87576 30092013    0   504.0 -17.9 -55.9              5544                                      
     87576 30092013    0   443.0 -26.1 -33.1              6492                                      
     87576 30092013    0   434.0 -27.1 -28.5              6640                                      
     87576 30092013    0   427.0 -27.9 -32.2              6757                                      
     87576 30092013    0   411.0               285   59                                             
     87576 30092013    0   396.0 -31.7 -36.5              7294                                      
     87576 30092013    0   376.0 -34.9 -38.3              7658                                      
     87576 30092013    0   373.0 -34.5 -52.5              7713                                      
     87576 30092013    0   357.0 -36.7 -51.7              8018                                      
     87576 30092013    0   354.0 -37.1 -42.1              8076                                      
     87576 30092013    0   284.0 -50.3 -52.5              9556                                      
     87576 30092013    0   258.0               290   82                                             
     87576 30092013    0   257.0 -55.7 -58.8             10200                                      
     87576 30092013    0   251.0 -56.3 -64.3             10350                                      
     87576 30092013    0   249.0 -56.1 -66.1             10400                                      
     87576 30092013    0   209.0 -49.7 -78.7             11529                                      
     87576 30092013    0   193.0 -52.3 -81.3             12047                                      
     87576 30092013    0   186.0               280   59                                             
     87576 30092013    0   179.0               295   53                                             
     87576 30092013    0   152.0               300   58                                             
     87576 30092013    0   144.0               290   64                                             
     87576 30092013    0   126.0 -56.9 -82.9             14776                                      
     87576 30092013    0   124.0               270   55                                             
     87576 30092013    0   117.0 -60.5 -85.5             15241                                      
     87576 30092013    0   108.0 -58.1 -84.1             15742                                      
     87576 30092013    0   100.0 -59.7 -85.7   270   49  16224                                      
     87576 30092013    0    84.9 -56.3 -83.3             17255                                      
     87576 30092013    0    83.1               275   38                                             
     87576 30092013    0    77.8               295   29                                             
     87576 30092013    0    66.4               295   51                                             
     87576 30092013    0    65.9 -62.7 -87.7             18840                                      
     87576 30092013    0    62.7               270   43                                             
     87576 30092013    0    57.5 -58.1 -85.1             19689                                      
     87576 30092013    0    50.8               275   23                                             
     87576 30092013    0    49.0 -59.5 -86.5             20692                                      
     87576 30092013    0    48.6               260   27                                             
     87576 30092013    0    44.7               285   30                                             
     87576 30092013    0    42.2 -58.9 -85.9             21628                                      
     87576 30092013    0    41.8               280   28                                             
     87576 30092013    0    41.0 -56.1 -84.1             21810                                      
     87576 30092013    0    38.5               305   30                                             
     87576 30092013    0    35.7 -59.1 -86.1             22683                                      
     87576 30092013    0    33.6               300   37                                             
     87576 30092013    0    30.2               285   29                                             
     87576 30092013    0    29.7 -53.3 -82.3             23851                                      
     87576 30092013    0    28.8               305   31                                             
     87576 30092013    0    26.8               285   31                                             
     87576 30092013    0    25.7 -53.3 -82.3             24782                                      
     87576 30092013    0    25.6               290   26                                             
     87576 30092013    0    24.1               270   25                                             
     87576 30092013    0    23.0               295   24                                             
     87576 30092013    0    22.9 -55.3 -83.3             25521                                      
     87576 30092013    0    17.4               270   24                                             
     87576 30092013    0    17.2 -51.9 -80.9             27361                                      
     87576 30092013    0    16.4 -52.9 -81.9             27668                                      
     87576 30092013    0    16.3               290   27                                             
     87576 30092013    0    14.5 -45.9 -77.9             28474                                      
     87576 30092013    0    13.0 -44.1 -76.1   290   22  29203                                      
