     87576 04102013    0  1017.0  14.6  10.3   110   10                                             
     87576 04102013    0   969.0               105   21                                             
     87576 04102013    0   960.0   9.8   9.2               503                                      
     87576 04102013    0   940.0  10.6   3.6               678                                      
     87576 04102013    0   922.0               125   10                                             
     87576 04102013    0   837.0   3.6   1.1              1632                                      
     87576 04102013    0   825.0   4.2  -3.8              1749                                      
     87576 04102013    0   773.0               105    3                                             
     87576 04102013    0   755.0   -.3 -10.3              2464                                      
     87576 04102013    0   649.0 -10.9 -13.3              3650                                      
     87576 04102013    0   631.0               345    7                                             
     87576 04102013    0   612.0                10   12                                             
     87576 04102013    0   609.0 -12.9 -14.1              4137                                      
     87576 04102013    0   601.0               345   17                                             
     87576 04102013    0   596.0 -11.5 -12.5              4302                                      
     87576 04102013    0   591.0               340   23                                             
     87576 04102013    0   567.0 -12.7 -13.6              4683                                      
     87576 04102013    0   544.0               330   18                                             
     87576 04102013    0   513.0               345   16                                             
     87576 04102013    0   503.0               325   15                                             
     87576 04102013    0   495.0               340   12                                             
     87576 04102013    0   472.0               350   17                                             
     87576 04102013    0   456.0               335   18                                             
     87576 04102013    0   444.0               340   15                                             
     87576 04102013    0   435.0               360   19                                             
     87576 04102013    0   431.0 -27.7 -29.1              6716                                      
     87576 04102013    0   409.0               345   14                                             
     87576 04102013    0   395.0 -33.9 -38.3              7334                                      
     87576 04102013    0   388.0                20   15                                             
     87576 04102013    0   365.0 -38.7 -41.8    25   13   7882                                      
     87576 04102013    0   362.0                15   12                                             
     87576 04102013    0   339.0               320   19                                             
     87576 04102013    0   334.0 -42.5 -57.5              8486                                      
     87576 04102013    0   312.0               325   21                                             
     87576 04102013    0   298.0 -48.1 -63.1              9247                                      
     87576 04102013    0   259.0 -43.5 -78.5   295   46  10180                                      
     87576 04102013    0   229.0               290   44                                             
     87576 04102013    0   199.0               285   65                                             
     87576 04102013    0   194.0 -45.7 -80.7             12113                                      
     87576 04102013    0   149.0               280   65                                             
     87576 04102013    0   132.0               270   58                                             
     87576 04102013    0   119.0 -60.1 -88.1   280   45  15265                                      
     87576 04102013    0   113.0               270   45                                             
     87576 04102013    0   110.0               280   39                                             
     87576 04102013    0   100.0 -59.7 -89.7   300   46  16351                                      
     87576 04102013    0    94.5               295   55                                             
     87576 04102013    0    84.7               270   41                                             
     87576 04102013    0    82.8 -63.9 -91.9             17519                                      
     87576 04102013    0    80.2               275   31                                             
     87576 04102013    0    72.5               300   28                                             
     87576 04102013    0    67.9 -65.9 -92.9             18729                                      
     87576 04102013    0    67.8               290   23                                             
     87576 04102013    0    65.4 -61.1 -89.1             18959                                      
     87576 04102013    0    64.6               310   24                                             
     87576 04102013    0    62.7               310   19                                             
     87576 04102013    0    62.1               300   18                                             
     87576 04102013    0    60.2               280   23                                             
     87576 04102013    0    54.2               270   32                                             
     87576 04102013    0    49.6 -63.3 -92.3             20667                                      
     87576 04102013    0    48.2               260   25                                             
     87576 04102013    0    46.6               235   19                                             
     87576 04102013    0    45.9               240   16                                             
     87576 04102013    0    44.9 -58.5 -89.5             21285                                      
     87576 04102013    0    44.7               285   11                                             
     87576 04102013    0    42.3                 0    0                                             
     87576 04102013    0    39.2 -61.1 -92.1             22133                                      
     87576 04102013    0    36.0 -57.9 -89.9             22665                                      
     87576 04102013    0    33.4               355   19                                             
     87576 04102013    0    31.8               320   10                                             
     87576 04102013    0    31.0               325   12                                             
     87576 04102013    0    29.5               255   13                                             
     87576 04102013    0    28.1               260   17                                             
     87576 04102013    0    27.5               250   21                                             
     87576 04102013    0    27.4 -56.9 -88.9             24389                                      
     87576 04102013    0    26.7               235   16                                             
     87576 04102013    0    25.3               240   14                                             
     87576 04102013    0    24.3               270   12                                             
     87576 04102013    0    23.0               245   11                                             
     87576 04102013    0    21.9               245   15                                             
     87576 04102013    0    20.9               300   11                                             
     87576 04102013    0    20.4               295   13                                             
     87576 04102013    0    19.8               250   19                                             
     87576 04102013    0    19.0               270   21                                             
     87576 04102013    0    18.0               270   14                                             
     87576 04102013    0    17.8               255   10                                             
     87576 04102013    0    17.0 -50.9 -84.9             27454                                      
     87576 04102013    0    16.1               280   12                                             
     87576 04102013    0    14.9 -46.1 -81.1             28321                                      
     87576 04102013    0    14.1               255   14                                             
     87576 04102013    0    13.4               300   13                                             
     87576 04102013    0    12.8               265   14                                             
     87576 04102013    0    12.5 -45.5 -80.5   260   10  29490                                      
