     87576 29092013    0  1016.0  14.6  13.6    50    2                                             
     87576 29092013    0  1002.0                50   10                                             
     87576 29092013    0   988.0  15.0  11.6               256                                      
     87576 29092013    0   970.0                15   15                                             
     87576 29092013    0   969.0  14.6  10.1               420                                      
     87576 29092013    0   904.0                10   12                                             
     87576 29092013    0   859.0               320   10                                             
     87576 29092013    0   821.0               305   11                                             
     87576 29092013    0   817.0   3.8   3.4              1835                                      
     87576 29092013    0   759.0               305   16                                             
     87576 29092013    0   753.0    .2   -.5              2494                                      
     87576 29092013    0   738.0               305   14                                             
     87576 29092013    0   728.0   -.5  -5.5              2764                                      
     87576 29092013    0   725.0   -.7  -5.7              2797                                      
     87576 29092013    0   719.0               275   14                                             
     87576 29092013    0   703.0               295   14                                             
     87576 29092013    0   665.0               280   20                                             
     87576 29092013    0   631.0  -9.7 -11.5              3888                                      
     87576 29092013    0   622.0  -9.1 -24.1              3999                                      
     87576 29092013    0   612.0               320   21                                             
     87576 29092013    0   603.0 -10.9 -27.9              4238                                      
     87576 29092013    0   598.0 -10.7 -46.7              4301                                      
     87576 29092013    0   597.0               305   23                                             
     87576 29092013    0   524.0               285   33                                             
     87576 29092013    0   493.0               295   26                                             
     87576 29092013    0   445.0               290   35                                             
     87576 29092013    0   443.0 -26.9 -67.9              6535                                      
     87576 29092013    0   420.0               290   63                                             
     87576 29092013    0   409.0 -28.3 -69.3              7109                                      
     87576 29092013    0   334.0 -40.5 -66.5              8525                                      
     87576 29092013    0   322.0               290   71                                             
     87576 29092013    0   320.0 -43.1 -55.1              8815                                      
     87576 29092013    0   313.0 -44.5 -65.5              8963                                      
     87576 29092013    0   282.0 -50.9 -59.9              9651                                      
     87576 29092013    0   271.0 -52.1 -68.1              9909                                      
     87576 29092013    0   245.0 -56.5 -68.5             10555                                      
     87576 29092013    0   238.0               285   65                                             
     87576 29092013    0   221.0 -58.1 -76.1             11206                                      
     87576 29092013    0   220.0               290   51                                             
     87576 29092013    0   207.0               300   62                                             
     87576 29092013    0   190.0 -53.7 -85.7             12167                                      
     87576 29092013    0   181.0               285   68                                             
     87576 29092013    0   166.0               280   57                                             
     87576 29092013    0   144.0               295   65                                             
     87576 29092013    0   133.0               280   42                                             
     87576 29092013    0   125.0               280   49                                             
     87576 29092013    0   116.0               295   32                                             
     87576 29092013    0   108.0               315   44                                             
     87576 29092013    0   100.0 -55.9 -87.9   305   49  16271                                      
