     87576 12092013    0  1002.0       20.8       16.4        150         10    
     87576 12092013    0   978.0                              135         20    
     87576 12092013    0   976.0         18       15.6                          
     87576 12092013    0   971.0       18.4       15.8                          
     87576 12092013    0   957.0       26.8       14.8                          
     87576 12092013    0   955.0                               40         13    
     87576 12092013    0   949.0       27.4       12.4                          
     87576 12092013    0   924.0                              330         14    
     87576 12092013    0   880.0                              355         27    
     87576 12092013    0   841.0       21.2        8.2                          
     87576 12092013    0   670.0          4        1.8                          
     87576 12092013    0   651.0        3.8       -7.2                          
     87576 12092013    0   615.0                              295         57    
     87576 12092013    0   602.0                              285         55    
     87576 12092013    0   598.0        -.9      -15.9                          
     87576 12092013    0   587.0        -.5      -31.5                          
     87576 12092013    0   524.0                              305         45    
     87576 12092013    0   505.0       -8.1      -44.1                          
     87576 12092013    0   460.0      -14.9      -49.9                          
     87576 12092013    0   428.0      -18.9      -46.9                          
     87576 12092013    0   420.0      -19.7      -34.7                          
     87576 12092013    0   394.0      -21.9      -62.9                          
     87576 12092013    0   343.0                              320         68    
     87576 12092013    0   305.0      -37.5      -57.5                          
     87576 12092013    0   273.0      -44.7      -55.7                          
     87576 12092013    0   264.0      -46.3      -51.3                          
     87576 12092013    0   252.0      -48.7      -57.7                          
     87576 12092013    0   244.0      -50.5        -55                          
     87576 12092013    0   208.0                              285         81    
     87576 12092013    0   205.0      -59.7      -64.7                          
     87576 12092013    0   200.0      -58.1      -73.1                          
     87576 12092013    0   196.0                              300         65    
     87576 12092013    0   184.0      -60.7      -76.7                          
     87576 12092013    0   182.0                              300         71    
     87576 12092013    0   173.0                              280         68    
     87576 12092013    0   169.0      -58.5      -80.5                          
     87576 12092013    0   154.0                              295         64    
     87576 12092013    0   137.0      -66.3      -85.3                          
     87576 12092013    0   123.0                              265         58    
     87576 12092013    0   118.0                              255         53    
     87576 12092013    0   113.0      -65.3      -87.3                          
     87576 12092013    0   108.0                              270         29    
     87576 12092013    0   100.0      -68.7      -89.7        295         33    
     87576 12092013    0    96.1      -65.7      -88.7                          
     87576 12092013    0    94.2                              290         31    
     87576 12092013    0    89.3                              315         28    
     87576 12092013    0    80.7      -71.3      -92.3                          
     87576 12092013    0    79.4                              295         36    
     87576 12092013    0    76.1      -70.5      -91.5                          
     87576 12092013    0    73.7                              270         24    
     87576 12092013    0    67.7      -62.7      -90.7                          
     87576 12092013    0    62.6                              290         23    
     87576 12092013    0    61.7      -66.1      -94.1                          
     87576 12092013    0    61.3                              320         20    
     87576 12092013    0    60.1                              340         22    
     87576 12092013    0    58.8                              335         30    
     87576 12092013    0    57.3                              315         36    
     87576 12092013    0    56.7      -60.7      -91.7                          
     87576 12092013    0    53.7                              275         31    
     87576 12092013    0    52.3      -63.1      -93.1                          
     87576 12092013    0    48.1                              245         18    
     87576 12092013    0    46.8                              250         22    
     87576 12092013    0    45.6                              240         25    
     87576 12092013    0    43.8                              220         15    
     87576 12092013    0    43.3                              210         10    
     87576 12092013    0    42.9      -57.5      -89.5                          
     87576 12092013    0    41.6                              135          3    
     87576 12092013    0    35.6      -59.3      -90.3                          
     87576 12092013    0    35.2                              325         15    
     87576 12092013    0    34.1                              320         11    
     87576 12092013    0    32.0                              255         15    
     87576 12092013    0    30.2                              265         18    
     87576 12092013    0    29.3                              250         22    
     87576 12092013    0    26.6                              215         10    
     87576 12092013    0    25.5                              270         11    
     87576 12092013    0    24.6                              265         10    
     87576 12092013    0    24.5      -55.3      -87.3                          
     87576 12092013    0    23.1                              315         10    
     87576 12092013    0    21.6                              265          4    
     87576 12092013    0    20.5                              270         15    
     87576 12092013    0    19.8                              260         12    
     87576 12092013    0    18.2      -55.9      -87.9                          
     87576 12092013    0    17.0      -52.3      -85.3                          
     87576 12092013    0    16.9                              230         12    
     87576 12092013    0    16.0                              275         10    
     87576 12092013    0    15.4                              255         20    
     87576 12092013    0    14.7      -54.1      -87.1                          
     87576 12092013    0    13.7                              245         10    
     87576 12092013    0    13.0                              325         10    
     87576 12092013    0    12.5                              320         12    
     87576 12092013    0    12.2                              330         12    
     87576 12092013    0    11.8                              300         11    
     87576 12092013    0    11.5      -47.7      -82.7                          
     87576 12092013    0    11.2                              305         16    
     87576 12092013    0    10.8      -48.5      -82.5        270         13    
