     87576 26092013   12  1021.0  14.6   5.6    60   10                                             
     87576 26092013   12  1020.0  12.8   4.8                28                                      
     87576 26092013   12   975.0   9.2   3.2               403                                      
     87576 26092013   12   973.0                25   22                                             
     87576 26092013   12   967.0  10.6   2.6               471                                      
     87576 26092013   12   895.0                45   12                                             
     87576 26092013   12   836.0                10    8                                             
     87576 26092013   12   809.0               345   12                                             
     87576 26092013   12   807.0  -1.5  -5.1              1944                                      
     87576 26092013   12   783.0                10   19                                             
     87576 26092013   12   779.0    .8 -25.2              2226                                      
     87576 26092013   12   768.0    .0 -28.0              2339                                      
     87576 26092013   12   762.0               355   16                                             
     87576 26092013   12   743.0   1.8                    2604                                      
     87576 26092013   12   727.0               360   17                                             
     87576 26092013   12   714.0   2.2                    2924                                      
     87576 26092013   12   707.0               320   15                                             
     87576 26092013   12   630.0               310   16                                             
     87576 26092013   12   618.0               320   18                                             
     87576 26092013   12   583.0               285   13                                             
     87576 26092013   12   579.0               270   13                                             
     87576 26092013   12   573.0               260   16                                             
     87576 26092013   12   572.0  -9.1 -41.1              4674                                      
     87576 26092013   12   545.0               245   22                                             
     87576 26092013   12   488.0               255   33                                             
     87576 26092013   12   484.0 -20.3 -35.3              5937                                      
     87576 26092013   12   460.0               270   54                                             
     87576 26092013   12   456.0 -22.3 -41.3              6376                                      
     87576 26092013   12   441.0               265   49                                             
     87576 26092013   12   420.0 -27.9 -35.9              6973                                      
     87576 26092013   12   383.0               280   59                                             
     87576 26092013   12   381.0 -33.1 -50.1              7665                                      
     87576 26092013   12   374.0 -32.7 -62.7              7795                                      
     87576 26092013   12   361.0               270   60                                             
     87576 26092013   12   334.0 -37.3 -62.3              8583                                      
     87576 26092013   12   310.0               265   86                                             
     87576 26092013   12   267.0 -49.9 -61.9             10088                                      
     87576 26092013   12   238.0               270   73                                             
     87576 26092013   12   209.0               275   51                                             
     87576 26092013   12   207.0 -50.1 -80.1             11751                                      
     87576 26092013   12   190.0               285   70                                             
     87576 26092013   12   176.0               275   65                                             
     87576 26092013   12   160.0 -55.7 -84.7             13412                                      
     87576 26092013   12   150.0               285   56                                             
     87576 26092013   12   141.0               285   67                                             
     87576 26092013   12   131.0               280   46                                             
     87576 26092013   12   117.0 -57.9 -87.9             15394                                      
     87576 26092013   12   116.0               270   46                                             
     87576 26092013   12   115.0 -57.5 -87.5             15502                                      
     87576 26092013   12   110.0               280   37                                             
     87576 26092013   12   100.0 -64.7 -88.7   300   40  16369                                      
     87576 26092013   12    98.8 -65.5 -89.5             16442                                      
     87576 26092013   12    92.6               275   52                                             
     87576 26092013   12    83.2               280   27                                             
     87576 26092013   12    78.4               275   27                                             
     87576 26092013   12    76.6               280   25                                             
     87576 26092013   12    69.2 -61.9 -90.9             18626                                      
     87576 26092013   12    67.0               300   26                                             
     87576 26092013   12    64.1 -63.1 -93.1             19098                                      
     87576 26092013   12    63.6               290   36                                             
     87576 26092013   12    58.5               300   25                                             
     87576 26092013   12    56.5 -56.3 -88.3             19886                                      
     87576 26092013   12    54.2               265   26                                             
     87576 26092013   12    50.3               300   18                                             
     87576 26092013   12    48.7               280   18                                             
     87576 26092013   12    45.8               305   26                                             
     87576 26092013   12    42.1               325   12                                             
     87576 26092013   12    41.0               340   13                                             
     87576 26092013   12    38.9               325   17                                             
     87576 26092013   12    38.6 -61.1 -92.1             22278                                      
     87576 26092013   12    35.8               345   22                                             
     87576 26092013   12    34.3               325   14                                             
     87576 26092013   12    31.5 -55.1 -87.1             23558                                      
     87576 26092013   12    30.7               350   14                                             
     87576 26092013   12    28.0 -57.3 -89.3             24305                                      
     87576 26092013   12    27.6               325   10                                             
     87576 26092013   12    26.9               295   12                                             
     87576 26092013   12    24.7               325    6                                             
     87576 26092013   12    22.8               300   11                                             
     87576 26092013   12    22.0                10   10                                             
     87576 26092013   12    19.3 -50.3 -84.3    10   24  26695                                      
