     87576 12092013   12  1003.0       14.2       13.1        160         12    
     87576 12092013   12   965.0       11.8       11.8                          
     87576 12092013   12   964.0                              145         12    
     87576 12092013   12   960.0                              140         10    
     87576 12092013   12   949.0                               65          3    
     87576 12092013   12   940.0                              360         11    
     87576 12092013   12   922.0                              330         28    
     87576 12092013   12   915.0       20.4       11.4                          
     87576 12092013   12   896.0                              325         41    
     87576 12092013   12   884.0       20.6        9.6                          
     87576 12092013   12   867.0                              315         39    
     87576 12092013   12   759.0                              310         60    
     87576 12092013   12   751.0       13.4        6.4                          
     87576 12092013   12   661.0                              305         45    
     87576 12092013   12   621.0         .4       -2.4                          
     87576 12092013   12   589.0       -2.1       -8.1                          
     87576 12092013   12   525.0      -10.3      -10.3                          
     87576 12092013   12   506.0      -11.5      -11.5                          
     87576 12092013   12   492.0                              320         48    
     87576 12092013   12   480.0      -15.9        -16                          
     87576 12092013   12   472.0      -17.3      -22.3                          
     87576 12092013   12   465.0      -17.5      -28.5                          
     87576 12092013   12   423.0                              310         60    
     87576 12092013   12   397.0      -24.3      -51.3                          
     87576 12092013   12   377.0      -27.5      -54.5                          
     87576 12092013   12   366.0      -29.3      -42.3                          
     87576 12092013   12   353.0      -31.3      -56.3                          
     87576 12092013   12   345.0      -32.9      -43.9                          
     87576 12092013   12   342.0      -33.3      -67.3                          
     87576 12092013   12   309.0      -39.1      -49.1                          
     87576 12092013   12   306.0                              310         85    
     87576 12092013   12   290.0      -41.7      -60.7                          
     87576 12092013   12   275.0      -44.9      -59.9                          
     87576 12092013   12   226.0                              285         74    
     87576 12092013   12   212.0                              295         68    
     87576 12092013   12   202.0                              290         77    
     87576 12092013   12   174.0                              300         72    
     87576 12092013   12   170.0      -59.5      -80.5                          
     87576 12092013   12   167.0                              285         77    
     87576 12092013   12   159.0                              285         59    
     87576 12092013   12   125.0                              285         55    
     87576 12092013   12   123.0      -66.7      -85.7                          
     87576 12092013   12   120.0      -64.7      -85.7        275         42    
     87576 12092013   12   114.0                              255         51    
     87576 12092013   12   101.0                              280         31    
     87576 12092013   12   100.0      -68.5      -88.5        285         32    
     87576 12092013   12    93.1      -71.3      -89.3                          
     87576 12092013   12    85.5                              270         44    
     87576 12092013   12    81.4                              245         29    
     87576 12092013   12    78.5                              270         12    
     87576 12092013   12    77.3                              305          8    
     87576 12092013   12    76.3                              340         10    
     87576 12092013   12    74.5                              355         17    
     87576 12092013   12    72.5                              330         20    
     87576 12092013   12    70.8                              310         17    
     87576 12092013   12    69.0                              310         18    
     87576 12092013   12    67.0                              265         10    
     87576 12092013   12    62.8                              225          6    
     87576 12092013   12    61.4                              185         10    
     87576 12092013   12    58.8                              185         15    
     87576 12092013   12    56.2                              220         23    
     87576 12092013   12    53.9                              200         18    
     87576 12092013   12    50.9                              260         14    
     87576 12092013   12    50.8      -60.7      -89.7                          
     87576 12092013   12    49.4                              260         10    
     87576 12092013   12    47.8                              240         10    
     87576 12092013   12    45.7                              230          1    
     87576 12092013   12    44.9      -63.3      -91.3                          
     87576 12092013   12    42.6                              335         10    
     87576 12092013   12    41.2                              290         16    
     87576 12092013   12    39.4                              275         18    
     87576 12092013   12    38.0                              280         18    
     87576 12092013   12    35.8                              235         14    
     87576 12092013   12    34.9                              225         10    
     87576 12092013   12    34.1      -57.3      -87.3                          
     87576 12092013   12    33.3                              265          6    
     87576 12092013   12    30.5      -59.3      -88.3                          
     87576 12092013   12    28.4                              325         10    
     87576 12092013   12    26.7                              285         19    
     87576 12092013   12    24.4                              255         13    
     87576 12092013   12    23.5                              270         12    
     87576 12092013   12    22.4      -57.5      -87.5                          
     87576 12092013   12    21.7                              250         10    
     87576 12092013   12    21.5                              250         10    
     87576 12092013   12    20.9                              325          3    
     87576 12092013   12    20.2                               30         10    
     87576 12092013   12    19.5                              305         10    
     87576 12092013   12    18.9                              350         14    
     87576 12092013   12    18.5                              345         15    
     87576 12092013   12    18.0                              300         16    
     87576 12092013   12    17.4                              330         20    
     87576 12092013   12    17.2      -51.7      -83.7                          
     87576 12092013   12    16.5                              285         15    
     87576 12092013   12    15.4                              315         21    
     87576 12092013   12    14.7                              280         10    
     87576 12092013   12    14.0                              270         11    
     87576 12092013   12    13.8      -53.7      -83.7                          
     87576 12092013   12    13.6                              295         15    
     87576 12092013   12    13.2                              260         14    
     87576 12092013   12    12.6                              255         10    
     87576 12092013   12    12.4                              275          8    
     87576 12092013   12    12.0                              295         10    
     87576 12092013   12    11.0      -45.9      -79.9        325         26    
     87576 12092013   12    10.2      -46.5      -79.5        320         19    
