     87576 02102013    0  1013.0  14.0   9.0   320    4                                             
     87576 02102013    0   925.0               200   10                                             
     87576 02102013    0   853.0               185   12                                             
     87576 02102013    0   846.0   2.6   2.6              1508                                      
     87576 02102013    0   840.0   6.6  -3.4              1566                                      
     87576 02102013    0   832.0               220   12                                             
     87576 02102013    0   827.0   7.2  -8.8              1694                                      
     87576 02102013    0   814.0               235   16                                             
     87576 02102013    0   759.0   4.6 -19.4              2395                                      
     87576 02102013    0   731.0               235   31                                             
     87576 02102013    0   657.0               260   27                                             
     87576 02102013    0   605.0 -10.9 -26.9              4189                                      
     87576 02102013    0   603.0               255   29                                             
     87576 02102013    0   588.0 -12.7 -25.7              4407                                      
     87576 02102013    0   569.0               270   33                                             
     87576 02102013    0   567.0 -14.5 -21.5              4683                                      
     87576 02102013    0   538.0 -16.3 -31.3              5079                                      
     87576 02102013    0   502.0 -20.1 -52.1              5596                                      
     87576 02102013    0   452.0 -26.9 -43.9              6362                                      
     87576 02102013    0   450.0               260   41                                             
     87576 02102013    0   412.0 -30.5 -56.5              7025                                      
     87576 02102013    0   382.0               255   44                                             
     87576 02102013    0   319.0 -46.3 -56.3              8783                                      
     87576 02102013    0   307.0               270   44                                             
     87576 02102013    0   292.0 -50.7 -58.7              9364                                      
     87576 02102013    0   259.0 -55.1 -66.1             10137                                      
     87576 02102013    0   243.0               275   64                                             
     87576 02102013    0   226.0               265   69                                             
     87576 02102013    0   218.0               270   58                                             
     87576 02102013    0   198.0               275   69                                             
     87576 02102013    0   197.0 -53.5 -83.5             11891                                      
     87576 02102013    0   154.0               280   65                                             
     87576 02102013    0   142.0               275   69                                             
     87576 02102013    0   130.0 -55.7 -86.7             14551                                      
     87576 02102013    0   128.0               260   53                                             
     87576 02102013    0   110.0               270   46                                             
     87576 02102013    0   107.0 -60.1 -89.1             15778                                      
     87576 02102013    0   100.0 -57.9 -86.9   255   34  16202                                      
     87576 02102013    0    94.5               290   40                                             
     87576 02102013    0    88.3               285   48                                             
     87576 02102013    0    78.3               260   38                                             
     87576 02102013    0    69.8               265   35                                             
     87576 02102013    0    67.7               280   31                                             
     87576 02102013    0    67.4 -62.1 -90.1             18665                                      
     87576 02102013    0    65.1 -60.1 -89.1             18880                                      
     87576 02102013    0    58.6               275   39                                             
     87576 02102013    0    58.3 -64.1 -92.1             19561                                      
     87576 02102013    0    51.5               245   38                                             
     87576 02102013    0    48.4               265   26                                             
     87576 02102013    0    47.8 -57.9 -88.9             20794                                      
     87576 02102013    0    46.3               285   31                                             
     87576 02102013    0    43.9               270   31                                             
     87576 02102013    0    39.4 -62.1 -91.1             22000                                      
     87576 02102013    0    38.8               255   38                                             
     87576 02102013    0    37.5 -59.1 -89.1             22307                                      
     87576 02102013    0    35.9               245   34                                             
     87576 02102013    0    32.9               260   24                                             
     87576 02102013    0    31.5 -58.5 -88.5             23401                                      
     87576 02102013    0    28.6               280   37                                             
     87576 02102013    0    28.3 -60.9 -90.9             24070                                      
     87576 02102013    0    26.4               265   47                                             
     87576 02102013    0    23.6 -54.9 -86.9             25214                                      
     87576 02102013    0    20.2               265   37                                             
     87576 02102013    0    17.0 -57.1 -87.1   275   49  27299                                      
