     87576 21092013   12  1011.0  12.2   5.2   160    6                                             
     87576 21092013   12  1010.0  11.0   3.0                28                                      
     87576 21092013   12  1000.0               140   18                                             
     87576 21092013   12   999.0  10.6    .6               118                                      
     87576 21092013   12   985.0               145   24                                             
     87576 21092013   12   977.0  13.0  -4.0               304                                      
     87576 21092013   12   925.0               155   26                                             
     87576 21092013   12   872.0   5.2  -8.8   160   22   1245                                      
     87576 21092013   12   856.0               145   13                                             
     87576 21092013   12   821.0                 0    0                                             
     87576 21092013   12   814.0   2.4  -4.6              1803                                      
     87576 21092013   12   794.0   1.8 -15.2              2003                                      
     87576 21092013   12   781.0   1.2 -14.8              2135                                      
     87576 21092013   12   758.0               260   10                                             
     87576 21092013   12   735.0               275   15                                             
     87576 21092013   12   703.0  -5.3  -7.0              2971                                      
     87576 21092013   12   654.0  -9.3 -12.7              3533                                      
     87576 21092013   12   645.0  -9.5 -17.5              3640                                      
     87576 21092013   12   599.0 -14.5 -14.7              4206                                      
     87576 21092013   12   590.0 -14.1 -18.2              4320                                      
     87576 21092013   12   512.0 -21.9 -25.1              5380                                      
     87576 21092013   12   505.0 -22.5 -29.5              5481                                      
     87576 21092013   12   499.0               275   58                                             
     87576 21092013   12   476.0 -26.1 -32.1              5911                                      
     87576 21092013   12   464.0               290   47                                             
     87576 21092013   12   436.0 -30.9 -36.9              6540                                      
     87576 21092013   12   429.0 -31.7 -42.7              6654                                      
     87576 21092013   12   410.0 -34.5 -39.5              6972                                      
     87576 21092013   12   402.0 -34.9 -44.9              7109                                      
     87576 21092013   12   394.0               300   66                                             
     87576 21092013   12   384.0 -36.9 -46.9              7426                                      
     87576 21092013   12   371.0 -39.1 -50.1              7663                                      
     87576 21092013   12   350.0 -42.7 -49.7              8059                                      
     87576 21092013   12   336.0 -44.9 -52.9              8333                                      
     87576 21092013   12   314.0               290   78                                             
     87576 21092013   12   290.0 -50.1 -75.1              9305                                      
     87576 21092013   12   282.0               305   87                                             
     87576 21092013   12   260.0 -50.1 -78.1             10018                                      
     87576 21092013   12   257.0               285   82                                             
     87576 21092013   12   250.0 -47.3 -79.3             10275                                      
     87576 21092013   12   218.0 -49.5 -82.5             11176                                      
     87576 21092013   12   216.0               290   86                                             
     87576 21092013   12   196.0 -44.7 -79.7             11879                                      
     87576 21092013   12   179.0               295   61                                             
     87576 21092013   12   165.0 -48.7 -82.7   300   69  13020                                      
     87576 21092013   12   160.0 -46.9 -81.9             13223                                      
     87576 21092013   12   151.0               285   62                                             
     87576 21092013   12   128.0               290   55                                             
     87576 21092013   12   118.0 -56.5 -86.5             15197                                      
     87576 21092013   12   116.0               280   65                                             
     87576 21092013   12   100.0 -55.1 -86.1   275   48  16250                                      
     87576 21092013   12    91.2               275   48                                             
     87576 21092013   12    85.5               260   48                                             
     87576 21092013   12    77.3 -61.1 -90.1             17871                                      
     87576 21092013   12    73.9               240   21                                             
     87576 21092013   12    67.6               255   28                                             
     87576 21092013   12    67.1 -60.3 -91.3             18750                                      
     87576 21092013   12    65.9               240   28                                             
     87576 21092013   12    63.3 -56.1 -88.1             19117                                      
     87576 21092013   12    62.7               220   11                                             
     87576 21092013   12    61.5               295    2                                             
     87576 21092013   12    59.8                25   10                                             
     87576 21092013   12    58.6                15   12                                             
     87576 21092013   12    58.3 -57.9 -88.9             19637                                      
     87576 21092013   12    57.2               330   11                                             
     87576 21092013   12    55.1               330   14                                             
     87576 21092013   12    51.7 -55.7 -87.7             20398                                      
     87576 21092013   12    50.2               240   10                                             
     87576 21092013   12    46.7               325   10                                             
     87576 21092013   12    46.4 -58.7 -89.7             21081                                      
     87576 21092013   12    46.0               315   12                                             
     87576 21092013   12    44.3               335   16                                             
     87576 21092013   12    43.1               315   18                                             
     87576 21092013   12    42.3               300   15                                             
     87576 21092013   12    41.4               260   13                                             
     87576 21092013   12    39.8               280   10                                             
     87576 21092013   12    37.7               275    3                                             
     87576 21092013   12    35.3               200   18                                             
     87576 21092013   12    34.8               195   16                                             
     87576 21092013   12    31.2               265   16                                             
     87576 21092013   12    31.0 -56.7 -88.7             23625                                      
     87576 21092013   12    30.0               265   11                                             
     87576 21092013   12    26.7                 0    0                                             
     87576 21092013   12    25.9               145   10                                             
     87576 21092013   12    25.6               145   14                                             
     87576 21092013   12    25.1               135   10                                             
     87576 21092013   12    24.7 -52.5 -85.5             25079                                      
     87576 21092013   12    22.0 -55.1 -87.1             25822                                      
     87576 21092013   12    16.6 -51.9 -84.9             27633                                      
     87576 21092013   12    14.9 -47.1 -82.1             28340                                      
     87576 21092013   12    10.9 -49.9 -83.9             30396                                      
