     87576 01102013   12  1013.0  10.0   7.5    90    4                                             
     87576 01102013   12  1012.0   8.8   6.7                28                                      
     87576 01102013   12  1002.0               220   10                                             
     87576 01102013   12   997.0               240   11                                             
     87576 01102013   12   970.0               240   10                                             
     87576 01102013   12   950.0   5.0   5.0               547                                      
     87576 01102013   12   945.0   6.4   5.8               590                                      
     87576 01102013   12   926.0               300   10                                             
     87576 01102013   12   900.0               285   13                                             
     87576 01102013   12   886.0   5.0    .0              1117                                      
     87576 01102013   12   884.0               255   10                                             
     87576 01102013   12   860.0   7.4 -10.6              1361                                      
     87576 01102013   12   820.0               240   10                                             
     87576 01102013   12   811.0               245   12                                             
     87576 01102013   12   804.0   6.2 -14.8              1913                                      
     87576 01102013   12   789.0               220   13                                             
     87576 01102013   12   772.0               225   16                                             
     87576 01102013   12   739.0   1.0 -15.0              2596                                      
     87576 01102013   12   725.0               205   23                                             
     87576 01102013   12   669.0               235   13                                             
     87576 01102013   12   585.0               230   21                                             
     87576 01102013   12   531.0               255   23                                             
     87576 01102013   12   507.0               245   27                                             
     87576 01102013   12   498.0 -20.1 -52.1              5644                                      
     87576 01102013   12   479.0 -22.9 -54.9              5930                                      
     87576 01102013   12   465.0 -24.1 -61.1              6146                                      
     87576 01102013   12   456.0               255   35                                             
     87576 01102013   12   453.0 -25.3 -43.3              6336                                      
     87576 01102013   12   442.0 -26.7 -62.7              6513                                      
     87576 01102013   12   437.0 -27.5 -35.5              6594                                      
     87576 01102013   12   431.0 -28.3 -40.3              6693                                      
     87576 01102013   12   427.0               255   31                                             
     87576 01102013   12   422.0 -29.5 -33.8              6843                                      
     87576 01102013   12   405.0 -30.9 -37.9              7135                                      
     87576 01102013   12   389.0 -33.5 -37.0              7419                                      
     87576 01102013   12   375.0 -35.5 -40.5              7675                                      
     87576 01102013   12   353.0               265   47                                             
     87576 01102013   12   352.0 -39.5 -41.4              8111                                      
     87576 01102013   12   331.0 -42.7 -48.7              8529                                      
     87576 01102013   12   315.0 -45.5 -48.6              8861                                      
     87576 01102013   12   294.0 -48.5 -54.5              9317                                      
     87576 01102013   12   293.0               275   87                                             
     87576 01102013   12   282.0 -51.1 -55.7              9589                                      
     87576 01102013   12   279.0 -50.9 -61.9              9658                                      
     87576 01102013   12   226.0 -56.7 -73.7             11010                                      
     87576 01102013   12   225.0               280   84                                             
     87576 01102013   12   208.0               280   68                                             
     87576 01102013   12   194.0               285   75                                             
     87576 01102013   12   189.0 -54.7 -83.7             12148                                      
     87576 01102013   12   179.0               280   87                                             
     87576 01102013   12   147.0               270   79                                             
     87576 01102013   12   139.0               265   61                                             
     87576 01102013   12   135.0 -58.1 -88.1             14283                                      
     87576 01102013   12   133.0               275   51                                             
     87576 01102013   12   122.0 -56.1 -87.1             14923                                      
     87576 01102013   12   111.0               280   67                                             
     87576 01102013   12   104.0 -60.5 -88.5             15927                                      
     87576 01102013   12   100.0 -59.5 -88.5   275   49  16171                                      
     87576 01102013   12    97.1               280   54                                             
     87576 01102013   12    79.5 -61.7 -90.7             17599                                      
     87576 01102013   12    78.6               280   49                                             
     87576 01102013   12    71.6               260   51                                             
     87576 01102013   12    66.9 -57.9 -88.9             18676                                      
     87576 01102013   12    66.7               245   37                                             
     87576 01102013   12    59.9               260   21                                             
     87576 01102013   12    52.6               290   30                                             
     87576 01102013   12    49.6               265   37                                             
     87576 01102013   12    48.5 -60.9 -90.9             20689                                      
     87576 01102013   12    44.1               255   31                                             
     87576 01102013   12    43.9 -57.1 -89.1             21313                                      
     87576 01102013   12    39.5               275   24                                             
     87576 01102013   12    36.1               265   28                                             
     87576 01102013   12    35.0               285   25                                             
     87576 01102013   12    32.0 -63.7 -92.7             23283                                      
     87576 01102013   12    31.5               265   35                                             
     87576 01102013   12    29.2               255   46                                             
     87576 01102013   12    27.6               255   47                                             
     87576 01102013   12    25.5               275   44                                             
     87576 01102013   12    24.1               260   42                                             
     87576 01102013   12    23.5               275   36                                             
     87576 01102013   12    23.2 -52.3 -85.3             25309                                      
     87576 01102013   12    19.6 -54.3 -87.3             26394                                      
     87576 01102013   12    18.4               290   45                                             
     87576 01102013   12    15.6               270   58                                             
     87576 01102013   12    13.7               285   50                                             
     87576 01102013   12    12.0               270   55                                             
     87576 01102013   12    11.5 -46.9 -81.9             29869                                      
     87576 01102013   12    10.5               290   53                                             
     87576 01102013   12    10.0 -48.7 -82.7   285   67  30791                                      
