     87576 29092013   12  1018.0   9.6   6.2   270    6                                             
     87576 29092013   12  1017.0   5.6   3.2                28                                      
     87576 29092013   12   956.0               270   10                                             
     87576 29092013   12   954.0   1.8   1.8               547                                      
     87576 29092013   12   934.0   3.8   -.7               718                                      
     87576 29092013   12   924.0               300   19                                             
     87576 29092013   12   919.0   4.4   2.2               849                                      
     87576 29092013   12   915.0   6.6   5.5               884                                      
     87576 29092013   12   904.0               340   15                                             
     87576 29092013   12   902.0   8.4   5.7              1002                                      
     87576 29092013   12   833.0               325   34                                             
     87576 29092013   12   803.0   3.8    .9              1955                                      
     87576 29092013   12   756.0   -.7  -1.7              2441                                      
     87576 29092013   12   744.0               310   36                                             
     87576 29092013   12   721.0  -2.3  -2.4              2819                                      
     87576 29092013   12   650.0               320   48                                             
     87576 29092013   12   531.0               340   32                                             
     87576 29092013   12   527.0 -16.7 -17.3              5243                                      
     87576 29092013   12   516.0               345   32                                             
     87576 29092013   12   511.0 -18.9 -21.6              5473                                      
     87576 29092013   12   495.0 -20.7 -21.4              5708                                      
     87576 29092013   12   479.0 -23.5 -25.9              5949                                      
     87576 29092013   12   476.0 -24.1 -40.1              5994                                      
     87576 29092013   12   472.0 -24.3 -31.3              6055                                      
     87576 29092013   12   467.0               305   45                                             
     87576 29092013   12   457.0 -25.5 -64.5              6289                                      
     87576 29092013   12   404.0 -30.9 -66.9              7173                                      
     87576 29092013   12   395.0               290   64                                             
     87576 29092013   12   324.0 -44.5 -53.5              8694                                      
     87576 29092013   12   306.0 -47.5 -56.5              9074                                      
     87576 29092013   12   289.0 -49.7 -65.7              9449                                      
     87576 29092013   12   267.0 -53.1 -63.1              9963                                      
     87576 29092013   12   252.0               275   80                                             
     87576 29092013   12   235.0 -57.3 -68.3             10777                                      
     87576 29092013   12   216.0               285   62                                             
     87576 29092013   12   203.0 -50.9 -83.9             11716                                      
     87576 29092013   12   189.0               270   55                                             
     87576 29092013   12   174.0 -54.5 -86.5             12710                                      
     87576 29092013   12   164.0               280   54                                             
     87576 29092013   12   146.0               285   71                                             
     87576 29092013   12   139.0 -56.5 -86.5             14141                                      
     87576 29092013   12   124.0               265   67                                             
     87576 29092013   12   120.0 -57.5 -87.5             15071                                      
     87576 29092013   12   115.0 -53.7 -86.7             15342                                      
     87576 29092013   12   107.0               285   35                                             
     87576 29092013   12   100.0 -57.7 -87.7   280   38  16232                                      
     87576 29092013   12    99.0 -58.3 -88.3             16295                                      
     87576 29092013   12    95.6               260   42                                             
     87576 29092013   12    89.0               270   58                                             
     87576 29092013   12    77.1 -60.1 -90.1             17861                                      
     87576 29092013   12    74.7               270   45                                             
     87576 29092013   12    70.3               280   24                                             
     87576 29092013   12    63.1               300   20                                             
     87576 29092013   12    60.3 -57.3 -89.3             19404                                      
     87576 29092013   12    60.2               280   20                                             
     87576 29092013   12    57.6               305   15                                             
     87576 29092013   12    55.9 -59.9 -90.9             19880                                      
     87576 29092013   12    51.4               290   26                                             
     87576 29092013   12    49.0               315   27                                             
     87576 29092013   12    46.7               290   31                                             
     87576 29092013   12    45.0               275   27                                             
     87576 29092013   12    42.1               285   28                                             
     87576 29092013   12    41.7 -59.9 -90.9             21709                                      
     87576 29092013   12    38.3               275   19                                             
     87576 29092013   12    37.4               295   18                                             
     87576 29092013   12    36.9 -55.3 -87.3             22480                                      
     87576 29092013   12    35.6               290   16                                             
     87576 29092013   12    32.0               320   21                                             
     87576 29092013   12    29.9 -59.3 -89.3             23808                                      
     87576 29092013   12    29.0               290   18                                             
     87576 29092013   12    28.1               265   20                                             
     87576 29092013   12    24.5               305   18                                             
     87576 29092013   12    23.2               290   14                                             
     87576 29092013   12    22.8 -52.1 -85.1   310   11  25534                                      
     87576 29092013   12    22.4               340   12                                             
     87576 29092013   12    22.1               340   13                                             
     87576 29092013   12    21.3 -53.5 -86.5   310   14  25973                                      
     87576 29092013   12    19.1               305   23                                             
     87576 29092013   12    17.3               320   22                                             
     87576 29092013   12    16.8 -46.9 -81.9             27522                                      
     87576 29092013   12    16.7               345   26                                             
     87576 29092013   12    14.1 -48.5 -82.5             28678                                      
     87576 29092013   12    13.9               325   24                                             
     87576 29092013   12    13.3 -44.3 -80.3             29065                                      
     87576 29092013   12    12.9               255   20                                             
     87576 29092013   12    12.3 -44.9 -79.9   280   16  29588                                      
