     87576 19092013    0  1017.0  12.8  -2.2   290    4                                             
     87576 19092013    0  1009.0               260   16                                             
     87576 19092013    0  1007.0  14.6  -3.4               103                                      
     87576 19092013    0   980.0               240   18                                             
     87576 19092013    0   786.0               255   31                                             
     87576 19092013    0   769.0  -5.3 -11.3              2298                                      
     87576 19092013    0   745.0  -7.3 -14.3              2546                                      
     87576 19092013    0   723.0               235   26                                             
     87576 19092013    0   716.0  -8.7 -26.7              2854                                      
     87576 19092013    0   659.0 -12.7 -27.7              3491                                      
     87576 19092013    0   650.0               240   38                                             
     87576 19092013    0   645.0 -13.3 -37.3              3654                                      
     87576 19092013    0   634.0 -12.7 -47.7              3785                                      
     87576 19092013    0   592.0               250   29                                             
     87576 19092013    0   581.0 -17.5 -54.5              4444                                      
     87576 19092013    0   500.0 -26.3 -49.3              5548                                      
     87576 19092013    0   489.0               220   35                                             
     87576 19092013    0   487.0 -27.3 -36.3              5738                                      
     87576 19092013    0   452.0               235   34                                             
     87576 19092013    0   391.0               205   17                                             
     87576 19092013    0   357.0               225   22                                             
     87576 19092013    0   315.0               225   36                                             
     87576 19092013    0   311.0 -47.5 -82.5              8834                                      
     87576 19092013    0   304.0 -46.9 -81.9              8984                                      
     87576 19092013    0   264.0 -51.3 -79.3              9909                                      
     87576 19092013    0   254.0               255   40                                             
     87576 19092013    0   251.0 -49.3 -83.3             10238                                      
     87576 19092013    0   242.0               265   50                                             
     87576 19092013    0   229.0               260   58                                             
     87576 19092013    0   180.0               250   48                                             
     87576 19092013    0   177.0               260   46                                             
     87576 19092013    0   168.0               270   55                                             
     87576 19092013    0   134.0 -55.5 -87.5             14294                                      
     87576 19092013    0   123.0               270   64                                             
     87576 19092013    0   116.0               260   55                                             
     87576 19092013    0   100.0 -54.3 -87.3   275   46  16164                                      
     87576 19092013    0    93.8               280   31                                             
     87576 19092013    0    89.6 -56.5 -88.5             16864                                      
     87576 19092013    0    85.0               280   35                                             
     87576 19092013    0    78.4               270   42                                             
     87576 19092013    0    75.1               270   31                                             
     87576 19092013    0    72.9               290   28                                             
     87576 19092013    0    70.9               305   30                                             
     87576 19092013    0    68.3               315   35                                             
     87576 19092013    0    65.4 -57.1 -89.1             18858                                      
     87576 19092013    0    56.9 -63.5 -93.5             19725                                      
     87576 19092013    0    52.0               270   58                                             
     87576 19092013    0    51.9 -62.9 -92.9             20290                                      
     87576 19092013    0    49.8 -58.3 -89.3             20546                                      
     87576 19092013    0    49.5               260   50                                             
     87576 19092013    0    44.4               280   37                                             
     87576 19092013    0    42.3               285   44                                             
     87576 19092013    0    39.7               255   46                                             
     87576 19092013    0    35.2               280   25                                             
     87576 19092013    0    34.9 -53.3 -86.3             22809                                      
     87576 19092013    0    33.6               270   27                                             
     87576 19092013    0    29.8               320   44                                             
     87576 19092013    0    27.4               285   29                                             
     87576 19092013    0    26.8               275   29                                             
     87576 19092013    0    24.1 -59.1 -90.1             25162                                      
     87576 19092013    0    23.0 -56.7 -88.7             25456                                      
     87576 19092013    0    22.9               295   52                                             
     87576 19092013    0    21.8 -58.3 -89.3             25794                                      
     87576 19092013    0    20.9               275   48                                             
     87576 19092013    0    19.9 -53.1 -86.1             26374                                      
     87576 19092013    0    17.6               275   44                                             
     87576 19092013    0    16.6 -55.1 -87.1             27537                                      
     87576 19092013    0    16.3               280   59                                             
     87576 19092013    0    15.0               285   61                                             
     87576 19092013    0    13.4               270   65                                             
     87576 19092013    0    12.4               280   69                                             
     87576 19092013    0    12.0               290   60                                             
     87576 19092013    0    11.8 -42.3 -78.3             29780                                      
     87576 19092013    0    10.6               275   55                                             
     87576 19092013    0    10.2 -43.9 -79.9             30761                                      
     87576 19092013    0    10.1               260   67                                             
     87576 19092013    0     9.5 -39.5 -76.5   260   56  31242                                      
