     87576 04092013    0  1024.0       10.2        1.2        180          4    
     87576 04092013    0  1023.0        8.8        -.2                          
     87576 04092013    0  1019.0         10          1                          
     87576 04092013    0  1008.0                              145         10    
     87576 04092013    0   853.0       -2.5       -4.1                          
     87576 04092013    0   841.0                              210         11    
     87576 04092013    0   836.0       -3.3       -7.6                          
     87576 04092013    0   814.0       -1.5      -19.5                          
     87576 04092013    0   805.0                              200         17    
     87576 04092013    0   770.0       -2.3      -39.3                          
     87576 04092013    0   720.0                              215         17    
     87576 04092013    0   694.0       -7.1      -51.1                          
     87576 04092013    0   653.0                              220         36    
     87576 04092013    0   640.0       -5.5      -53.5                          
     87576 04092013    0   637.0                              235         37    
     87576 04092013    0   621.0       -6.5      -49.5                          
     87576 04092013    0   605.0       -7.7      -16.7                          
     87576 04092013    0   601.0                              230         45    
     87576 04092013    0   585.0       -9.9      -16.9                          
     87576 04092013    0   517.0      -15.7      -23.7                          
     87576 04092013    0   486.0      -17.7      -36.7                          
     87576 04092013    0   459.0      -20.7      -47.7                          
     87576 04092013    0   410.0                              215         60    
     87576 04092013    0   399.0      -29.3      -55.3                          
     87576 04092013    0   356.0      -36.3      -55.3                          
     87576 04092013    0   342.0      -37.7      -64.7                          
     87576 04092013    0   312.0                              225         89    
     87576 04092013    0   311.0      -43.3      -55.3                          
     87576 04092013    0   298.0      -45.3      -67.3                          
     87576 04092013    0   241.0      -58.5      -74.5                          
     87576 04092013    0   226.0      -62.3      -73.3                          
     87576 04092013    0   222.0                              210         77    
     87576 04092013    0   221.0      -63.5      -70.5                          
     87576 04092013    0   206.0      -65.3      -75.3                          
     87576 04092013    0   201.0                              230         68    
     87576 04092013    0   186.0                              240         93    
     87576 04092013    0   171.0      -63.7      -81.7                          
     87576 04092013    0   164.0                              235         95    
     87576 04092013    0   153.0      -56.7      -85.7                          
     87576 04092013    0   150.0                              235         67    
     87576 04092013    0   139.0                              235         56    
     87576 04092013    0   125.0                              265         48    
     87576 04092013    0   122.0                              275         52    
     87576 04092013    0   112.0      -64.3      -90.3                          
     87576 04092013    0   109.0                              260         89    
     87576 04092013    0   105.0                              250         76    
     87576 04092013    0   100.0      -59.9      -89.9        255         62    
     87576 04092013    0    96.0                              255         49    
     87576 04092013    0    87.7      -63.3      -92.3                          
     87576 04092013    0    85.7                              270         72    
     87576 04092013    0    76.6                              275         61    
     87576 04092013    0    64.8                              260         57    
     87576 04092013    0    62.5                              275         48    
     87576 04092013    0    59.4                              290         55    
     87576 04092013    0    54.5                              280         59    
     87576 04092013    0    51.6                              265         42    
     87576 04092013    0    48.8      -58.9      -89.9                          
     87576 04092013    0    48.2                              285         56    
     87576 04092013    0    42.1      -62.1      -92.1                          
     87576 04092013    0    40.4                              270         71    
     87576 04092013    0    37.4                              260         57    
     87576 04092013    0    35.3                              270         44    
     87576 04092013    0    35.1      -55.1      -87.1                          
     87576 04092013    0    34.6                              280         41    
     87576 04092013    0    33.4                              300         46    
     87576 04092013    0    30.5      -58.7      -89.7                          
     87576 04092013    0    28.8                              280         69    
     87576 04092013    0    25.9      -52.9      -85.9        290         55    
     87576 04092013    0    23.6      -54.5      -87.5                          
     87576 04092013    0    21.7      -50.3      -84.3                          
     87576 04092013    0    21.1                              275         65    
     87576 04092013    0    18.4                              295         72    
     87576 04092013    0    14.5                              285         62    
     87576 04092013    0    13.6      -48.5      -82.5                          
     87576 04092013    0    12.5                              295         68    
     87576 04092013    0    10.8      -43.5      -79.5                          
     87576 04092013    0    10.1                              280         65    
     87576 04092013    0     9.6      -43.5      -79.5        290         72    
     87576 05092013    0  1020.0         12          5         90          8    
     87576 05092013    0  1019.0       10.8        4.8         75         11    
     87576 05092013    0   968.0        7.6        4.7                          
     87576 05092013    0   943.0                               30         25    
     87576 05092013    0   916.0        5.8        -.2                          
     87576 05092013    0   909.0        7.8      -19.2                          
     87576 05092013    0   901.0        8.8      -30.2                          
     87576 05092013    0   889.0        8.6                                     
     87576 05092013    0   876.0                               20         10    
     87576 05092013    0   870.0        8.6       -2.4                          
     87576 05092013    0   852.0                              345          8    
     87576 05092013    0   840.0                              330         10    
     87576 05092013    0   817.0                              325         12    
     87576 05092013    0   815.0          7         -1                          
     87576 05092013    0   802.0                              295         14    
     87576 05092013    0   797.0        6.6       -2.4                          
     87576 05092013    0   784.0        7.6       -5.4                          
     87576 05092013    0   775.0                              280         12    
     87576 05092013    0   745.0                              300         17    
     87576 05092013    0   670.0       -1.3       -8.3                          
     87576 05092013    0   668.0                              275         20    
     87576 05092013    0   656.0       -1.9      -18.9                          
     87576 05092013    0   614.0                              280         13    
     87576 05092013    0   577.0                              285         24    
     87576 05092013    0   568.0      -10.3      -23.3                          
     87576 05092013    0   531.0                              275         41    
     87576 05092013    0   505.0      -17.9      -18.7                          
     87576 05092013    0   495.0      -18.9      -21.8                          
     87576 05092013    0   490.0                              270         36    
     87576 05092013    0   489.0      -18.9      -25.9                          
     87576 05092013    0   470.0      -20.9      -30.9                          
     87576 05092013    0   456.0      -22.9      -28.9                          
     87576 05092013    0   450.0      -23.3      -32.3                          
     87576 05092013    0   437.0                              265         48    
     87576 05092013    0   429.0      -25.9      -27.2                          
     87576 05092013    0   409.0                              260         37    
     87576 05092013    0   388.0      -30.7      -30.7                          
     87576 05092013    0   378.0      -31.5      -34.4                          
     87576 05092013    0   356.0      -34.5      -38.1                          
     87576 05092013    0   353.0      -34.9      -38.1                          
     87576 05092013    0   346.0      -35.7      -44.7                          
     87576 05092013    0   341.0      -36.3      -43.3                          
     87576 05092013    0   334.0                              245         51    
     87576 05092013    0   327.0      -38.7      -43.7                          
     87576 05092013    0   321.0      -39.9      -55.9                          
     87576 05092013    0   295.0      -44.9      -60.9                          
     87576 05092013    0   267.0      -50.9      -56.9                          
     87576 05092013    0   262.0      -51.7      -62.7                          
     87576 05092013    0   230.0      -58.7      -62.9                          
     87576 05092013    0   229.0                              260         82    
     87576 05092013    0   190.0      -68.9      -72.7                          
     87576 05092013    0   187.0      -68.5      -71.5                          
     87576 05092013    0   168.0      -63.5      -78.5                          
     87576 05092013    0   162.0                              260         59    
     87576 05092013    0   146.0                              265         90    
     87576 05092013    0   138.0      -61.3      -84.3                          
     87576 05092013    0   130.0                              255         72    
     87576 05092013    0   116.0                              265         67    
     87576 05092013    0   109.0      -66.1      -89.1                          
     87576 05092013    0   100.0      -62.3      -88.3        265         73    
     87576 05092013    0    90.8                              250         69    
     87576 05092013    0    87.7      -61.1      -89.1                          
     87576 05092013    0    84.8                              265         47    
     87576 05092013    0    72.4                              280         49    
     87576 05092013    0    69.9      -66.5      -92.5                          
     87576 05092013    0    62.6                              255         72    
     87576 05092013    0    60.9      -63.5      -91.5                          
     87576 05092013    0    59.4                              255         66    
     87576 05092013    0    57.8      -57.9      -88.9                          
     87576 05092013    0    52.6                              300         47    
     87576 05092013    0    49.3                              290         58    
     87576 05092013    0    43.9      -64.7      -92.7                          
     87576 05092013    0    42.1                              280         49    
     87576 05092013    0    39.2      -58.1      -89.1                          
     87576 05092013    0    37.4                              290         66    
     87576 05092013    0    36.6      -60.3      -91.3                          
     87576 05092013    0    34.0                              275         75    
     87576 05092013    0    32.8      -58.1      -89.1                          
     87576 05092013    0    29.5      -51.7      -84.7                          
     87576 05092013    0    25.3      -58.9      -89.9                          
     87576 05092013    0    23.8                              290         77    
     87576 05092013    0    20.6      -54.1      -87.1                          
     87576 05092013    0    20.1                              280         82    
     87576 05092013    0    19.4      -49.5      -83.5        285         77    
     87576 06092013    0  1017.0       13.2        8.8         80          4    
     87576 06092013    0  1006.0                               60         18    
     87576 06092013    0   980.0                               45         21    
     87576 06092013    0   975.0       12.8        5.8                          
     87576 06092013    0   966.0       13.6         .6                          
     87576 06092013    0   959.0       16.6                                     
     87576 06092013    0   954.0                              360         10    
     87576 06092013    0   949.0         17        -25                          
     87576 06092013    0   913.0       15.2       -1.8                          
     87576 06092013    0   912.0                              305          5    
     87576 06092013    0   879.0         13         -6                          
     87576 06092013    0   842.0                              325         10    
     87576 06092013    0   794.0                              280         17    
     87576 06092013    0   749.0        3.4        2.7                          
     87576 06092013    0   733.0                              290         24    
     87576 06092013    0   716.0        1.4       -1.4                          
     87576 06092013    0   710.0        2.2       -4.8                          
     87576 06092013    0   698.0                              240         24    
     87576 06092013    0   689.0        1.2      -12.8                          
     87576 06092013    0   625.0                              255         23    
     87576 06092013    0   568.0                              270         41    
     87576 06092013    0   533.0                              250         32    
     87576 06092013    0   518.0                              255         30    
     87576 06092013    0   494.0                              265         35    
     87576 06092013    0   480.0      -19.1      -60.1                          
     87576 06092013    0   459.0      -20.9      -58.9                          
     87576 06092013    0   396.0                              245         48    
     87576 06092013    0   369.0                              250         42    
     87576 06092013    0   363.0      -35.7      -59.7                          
     87576 06092013    0   362.0                              245         41    
     87576 06092013    0   341.0      -38.7      -59.7        225         50    
     87576 06092013    0   327.0      -40.7      -46.7                          
     87576 06092013    0   298.0      -45.1      -49.1                          
     87576 06092013    0   262.0                              250         81    
     87576 06092013    0   244.0      -57.1      -60.6                          
     87576 06092013    0   221.0      -62.5      -68.5                          
     87576 06092013    0   216.0                              245         66    
     87576 06092013    0   213.0      -61.3      -71.3                          
     87576 06092013    0   195.0                              250         88    
     87576 06092013    0   190.0      -63.5      -74.5                          
     87576 06092013    0   180.0                              245         60    
     87576 06092013    0   171.0                              250         73    
     87576 06092013    0   149.0      -58.5      -83.5                          
     87576 06092013    0   138.0                              260         49    
     87576 06092013    0   112.0                              245         42    
     87576 06092013    0   105.0                              270         54    
     87576 06092013    0   100.0      -61.9      -87.9        260         51    
     87576 06092013    0    89.9                              245         46    
     87576 06092013    0    83.7      -63.3      -89.3                          
     87576 06092013    0    83.0                              260         63    
     87576 06092013    0    73.9      -59.7      -86.7        260         34    
     87576 06092013    0    64.4      -64.5      -89.5        235         49    
     87576 06092013    0    59.6                              240         44    
     87576 06092013    0    57.6      -65.1      -90.1                          
     87576 06092013    0    54.9                              225         37    
     87576 06092013    0    53.3      -60.5      -86.5                          
     87576 06092013    0    52.3                              260         29    
     87576 06092013    0    50.9                              290         31    
     87576 06092013    0    47.7                              305         45    
     87576 06092013    0    46.4                              290         48    
     87576 06092013    0    40.9                              265         31    
     87576 06092013    0    40.4      -63.5      -89.5                          
     87576 06092013    0    36.6                              270         60    
     87576 06092013    0    33.9                              260         44    
     87576 06092013    0    33.0      -59.1      -87.1                          
     87576 06092013    0    31.5                              250         55    
     87576 06092013    0    31.2      -60.9      -88.9                          
     87576 06092013    0    30.3                              240         47    
     87576 06092013    0    28.0      -53.5      -84.5                          
     87576 06092013    0    26.8                              280         43    
     87576 06092013    0    26.0                              280         42    
     87576 06092013    0    25.0                              265         45    
     87576 06092013    0    22.0                              270         65    
     87576 06092013    0    19.9      -57.3      -86.3                          
     87576 06092013    0    16.6      -53.7      -84.7                          
     87576 06092013    0    16.2                              270         72    
     87576 06092013    0    14.9      -45.9      -79.9                          
     87576 06092013    0    13.1      -49.9      -80.9                          
     87576 06092013    0    12.2      -50.7      -81.7        265         63    
     87576 06092013    0    11.8      -46.1      -80.1                          
     87576 06092013    0    11.7                              285         58    
     87576 06092013    0    10.6                              285         55    
     87576 06092013    0    10.2      -41.1      -77.1                          
     87576 06092013    0     9.1      -42.5      -77.5        265         51    
     87576 07092013    0  1011.0         18         11         80          8    
     87576 07092013    0   994.0       17.4       10.4                          
     87576 07092013    0   987.0       18.2       11.2                          
     87576 07092013    0   981.0       21.4        9.4                          
     87576 07092013    0   978.0                               40         27    
     87576 07092013    0   974.0       21.8        7.8                          
     87576 07092013    0   942.0                               25         24    
     87576 07092013    0   922.0                                5         20    
     87576 07092013    0   875.0                              335         23    
     87576 07092013    0   855.0                              340         21    
     87576 07092013    0   818.0                              305         26    
     87576 07092013    0   738.0                              290         28    
     87576 07092013    0   730.0          6          5                          
     87576 07092013    0   721.0                              275         32    
     87576 07092013    0   633.0       -1.3       -5.4                          
     87576 07092013    0   629.0       -1.1       -9.1                          
     87576 07092013    0   585.0       -4.5      -20.5                          
     87576 07092013    0   581.0                              295         38    
     87576 07092013    0   563.0       -6.9      -13.9                          
     87576 07092013    0   543.0                              285         39    
     87576 07092013    0   497.0                              265         54    
     87576 07092013    0   492.0      -14.9      -15.8                          
     87576 07092013    0   448.0                              270         46    
     87576 07092013    0   417.0      -22.5      -28.5                          
     87576 07092013    0   398.0                              275         52    
     87576 07092013    0   383.0      -27.7      -36.7                          
     87576 07092013    0   360.0      -31.9      -37.9                          
     87576 07092013    0   341.0      -34.7      -48.7                          
     87576 07092013    0   313.0      -40.3      -48.3                          
     87576 07092013    0   310.0      -41.1      -51.1                          
     87576 07092013    0   306.0                              245         57    
     87576 07092013    0   297.0      -43.3      -56.3                          
     87576 07092013    0   269.0                              260         62    
     87576 07092013    0   242.0      -55.7      -61.7                          
     87576 07092013    0   236.0                              260         59    
     87576 07092013    0   225.0      -59.3      -62.9                          
     87576 07092013    0   208.0      -62.5      -67.5                          
     87576 07092013    0   201.0                              255         84    
     87576 07092013    0   189.0      -61.3      -78.3                          
     87576 07092013    0   188.0                              260         65    
     87576 07092013    0   171.0      -64.9      -81.9                          
     87576 07092013    0   164.0                              255         58    
     87576 07092013    0   154.0                              255         71    
     87576 07092013    0   149.0      -60.7      -84.7                          
     87576 07092013    0   145.0                              240         45    
     87576 07092013    0   135.0      -64.9      -86.9        265         35    
     87576 07092013    0   132.0                              275         41    
     87576 07092013    0   127.0                              270         58    
     87576 07092013    0   119.0      -61.5      -86.5        235         50    
     87576 07092013    0   110.0      -64.7      -88.7                          
     87576 07092013    0   106.0                              255         46    
     87576 07092013    0   100.0      -60.7      -88.7        240         43    
     87576 07092013    0    90.8                              245         29    
     87576 07092013    0    86.2                              260         18    
     87576 07092013    0    84.4                              275         22    
     87576 07092013    0    82.8      -61.1      -90.1                          
     87576 07092013    0    79.9                              250         29    
     87576 07092013    0    77.1                              255         27    
     87576 07092013    0    73.7                              240         26    
     87576 07092013    0    69.6                              265         26    
     87576 07092013    0    67.3      -65.7      -92.7                          
     87576 07092013    0    62.5                              250         34    
     87576 07092013    0    59.6                              230         25    
     87576 07092013    0    54.8      -63.9      -91.9                          
     87576 07092013    0    51.0      -58.7      -89.7                          
     87576 07092013    0    50.5                              260         29    
     87576 07092013    0    47.4                              295         26    
     87576 07092013    0    45.5                              300         12    
     87576 07092013    0    44.5                              320         17    
     87576 07092013    0    39.5                              270         29    
     87576 07092013    0    37.8                              265         36    
     87576 07092013    0    36.6      -60.9      -91.9                          
     87576 07092013    0    35.7                              270         32    
     87576 07092013    0    32.3                              225         27    
     87576 07092013    0    29.8      -55.5      -87.5                          
     87576 07092013    0    29.0                              220         29    
     87576 07092013    0    28.1                              230         19    
     87576 07092013    0    27.9      -56.9      -88.9                          
     87576 07092013    0    27.5      -54.3      -87.3                          
     87576 07092013    0    27.3                              270         10    
     87576 07092013    0    26.8                              300         12    
     87576 07092013    0    25.6                              310         25    
     87576 07092013    0    25.3      -57.9      -89.9                          
     87576 07092013    0    25.1                              305         31    
     87576 07092013    0    24.3                              290         25    
     87576 07092013    0    22.8      -53.3      -86.3                          
     87576 07092013    0    21.8                              280         25    
     87576 07092013    0    20.7                              290         31    
     87576 07092013    0    18.7      -56.3      -88.3                          
     87576 07092013    0    18.2      -52.9      -85.9                          
     87576 07092013    0    11.7      -51.9      -84.9                          
     87576 08092013    0  1006.0       16.8       14.7          0          0    
     87576 08092013    0  1005.0       15.8       14.3                          
     87576 08092013    0   995.0       16.4       14.7                          
     87576 08092013    0   973.0       19.6        9.6                          
     87576 08092013    0   960.0                              220         10    
     87576 08092013    0   952.0                              235         13    
     87576 08092013    0   910.0                              225         31    
     87576 08092013    0   891.0       16.2        5.2                          
     87576 08092013    0   853.0                              210         33    
     87576 08092013    0   801.0                              220         24    
     87576 08092013    0   771.0        7.2        1.2                          
     87576 08092013    0   759.0        7.8       -3.2                          
     87576 08092013    0   691.0        2.2       -8.8                          
     87576 08092013    0   654.0                              255         53    
     87576 08092013    0   649.0       -2.1      -12.1                          
     87576 08092013    0   641.0        -.3      -28.3                          
     87576 08092013    0   640.0                              265         54    
     87576 08092013    0   578.0       -6.9      -36.9                          
     87576 08092013    0   570.0                              265         54    
     87576 08092013    0   523.0                              245         58    
     87576 08092013    0   513.0      -11.9      -47.9                          
     87576 08092013    0   465.0                              245         71    
     87576 08092013    0   428.0      -23.1      -46.1                          
     87576 08092013    0   419.0      -23.9      -48.9                          
     87576 08092013    0   414.0      -22.7      -56.7                          
     87576 08092013    0   397.0                              280         55    
     87576 08092013    0   392.0      -24.3      -61.3                          
     87576 08092013    0   370.0                              280         44    
     87576 08092013    0   357.0      -29.5      -60.5                          
     87576 08092013    0   326.0      -33.9      -40.9                          
     87576 08092013    0   296.0                              325         73    
     87576 08092013    0   288.0      -42.1      -44.1                          
     87576 08092013    0   274.0      -45.1      -49.8        335         60    
     87576 08092013    0   256.0                              340         80    
     87576 08092013    0   246.0      -48.3      -59.3                          
     87576 08092013    0   243.0                              320         67    
     87576 08092013    0   235.0                              325         61    
     87576 08092013    0   215.0      -56.5      -60.9                          
     87576 08092013    0   203.0                              320         74    
     87576 08092013    0   199.0      -61.1      -66.1                          
     87576 08092013    0   197.0      -61.3      -67.3        300         59    
     87576 08092013    0   188.0      -60.5      -76.5                          
     87576 08092013    0   186.0                              265         65    
     87576 08092013    0   184.0      -54.9      -80.9                          
     87576 08092013    0   181.0                              275         50    
     87576 08092013    0   175.0                              280         53    
     87576 08092013    0   159.0                              255         60    
     87576 08092013    0   151.0                              245         52    
     87576 08092013    0   146.0      -58.7      -86.7                          
     87576 08092013    0   141.0                              255         43    
     87576 08092013    0   126.0      -65.3      -88.3                          
     87576 08092013    0   125.0                              255         50    
     87576 08092013    0   110.0      -61.7      -87.7        240         20    
     87576 08092013    0   105.0                              260         27    
     87576 08092013    0   100.0      -63.1      -89.1        250         31    
     87576 08092013    0    90.4                              240         24    
     87576 08092013    0    88.8      -62.1      -89.1                          
     87576 08092013    0    84.5                              265         17    
     87576 08092013    0    80.1      -65.5      -91.5                          
     87576 08092013    0    77.2                              255         27    
     87576 08092013    0    73.4      -62.3      -90.3                          
     87576 08092013    0    71.0                              280         19    
     87576 08092013    0    66.3                              265         29    
     87576 08092013    0    65.7      -65.1      -92.1                          
     87576 08092013    0    64.6                              255         22    
     87576 08092013    0    62.4                              210         10    
     87576 08092013    0    60.0                              260          3    
     87576 08092013    0    58.4                              320         10    
     87576 08092013    0    57.3      -61.1      -90.1                          
     87576 08092013    0    55.3      -62.9      -90.9                          
     87576 08092013    0    53.1                              270         19    
     87576 08092013    0    49.0                              295         20    
     87576 08092013    0    46.4                              295         18    
     87576 08092013    0    44.1                              290         32    
     87576 08092013    0    42.1                              270         24    
     87576 08092013    0    40.6      -58.7      -89.7                          
     87576 08092013    0    40.5                              290         22    
     87576 08092013    0    38.1                              265         18    
     87576 08092013    0    35.3      -59.1      -90.1                          
     87576 08092013    0    35.2                              280         16    
     87576 08092013    0    33.6                              255         23    
     87576 08092013    0    29.9                              235         31    
     87576 08092013    0    29.3                              225         28    
     87576 08092013    0    28.1                              255         13    
     87576 08092013    0    27.5                              240         10    
     87576 08092013    0    27.1      -53.5      -86.5                          
     87576 08092013    0    27.0                              255         10    
     87576 08092013    0    26.2                              295         14    
     87576 08092013    0    25.4                              315         17    
     87576 08092013    0    24.2      -56.5      -88.5                          
     87576 08092013    0    24.0                              295         20    
     87576 08092013    0    23.4                              300         18    
     87576 08092013    0    21.3                              260         21    
     87576 08092013    0    19.4      -50.7      -84.7        310         16    
     87576 08092013    0    18.5      -52.7      -85.7                          
     87576 08092013    0    17.7                              270         21    
     87576 08092013    0    17.0                              280         20    
     87576 08092013    0    16.1                              270         30    
     87576 08092013    0    15.8                              260         26    
     87576 08092013    0    15.0                              215         10    
     87576 08092013    0    14.9      -51.3      -84.3                          
     87576 08092013    0    14.6                              245         14    
     87576 08092013    0    13.9                              240         30    
     87576 08092013    0    13.2                              240         19    
     87576 08092013    0    11.5      -43.7      -79.7        205         10    
     87576 09092013    0  1013.0       18.8        7.8         50          6    
     87576 09092013    0  1000.0         21          6                          
     87576 09092013    0   977.0                              350         11    
     87576 09092013    0   952.0                              340         12    
     87576 09092013    0   938.0       17.6        4.6                          
     87576 09092013    0   930.0                              315         11    
     87576 09092013    0   927.0       18.8      -15.2                          
     87576 09092013    0   915.0       19.4      -25.6                          
     87576 09092013    0   912.0                              340         14    
     87576 09092013    0   911.0       19.6      -20.4                          
     87576 09092013    0   878.0                              335         12    
     87576 09092013    0   858.0                              290         10    
     87576 09092013    0   774.0       11.2       -6.8                          
     87576 09092013    0   767.0                              235         22    
     87576 09092013    0   715.0        5.6       -5.4                          
     87576 09092013    0   660.0                              235         40    
     87576 09092013    0   633.0                              235         36    
     87576 09092013    0   605.0       -2.9      -10.9                          
     87576 09092013    0   518.0                              225         38    
     87576 09092013    0   481.0                              240         38    
     87576 09092013    0   461.0      -16.1      -28.1                          
     87576 09092013    0   453.0      -15.5      -33.5                          
     87576 09092013    0   445.0                              235         51    
     87576 09092013    0   396.0                              255         44    
     87576 09092013    0   380.0                              250         41    
     87576 09092013    0   373.0      -27.1      -54.1                          
     87576 09092013    0   317.0      -37.7      -53.7                          
     87576 09092013    0   314.0                              235         53    
     87576 09092013    0   286.0      -43.3      -49.3                          
     87576 09092013    0   280.0      -44.5      -53.5                          
     87576 09092013    0   255.0                              240         64    
     87576 09092013    0   220.0      -58.5      -62.3                          
     87576 09092013    0   216.0                              240         51    
     87576 09092013    0   191.0      -65.7      -70.7        255         61    
     87576 09092013    0   181.0      -66.1      -74.1                          
     87576 09092013    0   179.0                              240         70    
     87576 09092013    0   172.0      -60.9      -80.9                          
     87576 09092013    0   168.0                              240         53    
     87576 09092013    0   147.0                              235         48    
     87576 09092013    0   145.0      -60.5      -85.5                          
     87576 09092013    0   143.0                              245         41    
     87576 09092013    0   139.0                              255         42    
     87576 09092013    0   130.0                              245         54    
     87576 09092013    0   123.0                              235         39    
     87576 09092013    0   117.0                              260         30    
     87576 09092013    0   113.0                              275         33    
     87576 09092013    0   111.0      -68.9      -88.9                          
     87576 09092013    0   108.0                              265         50    
     87576 09092013    0   100.0      -67.1      -89.1        260         42    
     87576 09092013    0    94.7                              260         46    
     87576 09092013    0    87.8                              255         28    
     87576 09092013    0    87.2      -62.7      -90.7                          
     87576 09092013    0    81.1                              275         18    
     87576 09092013    0    80.4                              280         17    
     87576 09092013    0    77.6                              310         17    
     87576 09092013    0    75.5      -66.5      -93.5                          
     87576 09092013    0    73.5                              290         24    
     87576 09092013    0    70.7                              310         23    
     87576 09092013    0    69.1                              300         26    
     87576 09092013    0    64.4                              270         16    
     87576 09092013    0    61.5                              270         16    
     87576 09092013    0    60.9      -61.7      -91.7                          
     87576 09092013    0    59.8                              290         13    
     87576 09092013    0    57.1                              320         16    
     87576 09092013    0    52.7      -63.3      -93.3                          
     87576 09092013    0    48.0                              250         28    
     87576 09092013    0    43.9                              235         24    
     87576 09092013    0    42.2                              260         17    
     87576 09092013    0    39.9                              275         24    
     87576 09092013    0    38.4                              260         18    
     87576 09092013    0    36.2                              320         11    
     87576 09092013    0    35.1      -55.1      -87.1                          
     87576 09092013    0    32.6      -56.7      -88.7                          
     87576 09092013    0    31.4                              260         10    
     87576 09092013    0    28.5                              185         15    
     87576 09092013    0    27.1                              215         10    
     87576 09092013    0    25.9                              280          5    
     87576 09092013    0    24.4                              265         11    
     87576 09092013    0    24.0      -52.5      -85.5                          
     87576 09092013    0    23.5                              240         10    
     87576 09092013    0    22.0                              270         14    
     87576 09092013    0    21.3      -55.7      -87.7                          
     87576 09092013    0    21.0                              245         10    
     87576 09092013    0    20.1                              265         21    
     87576 09092013    0    18.4                              255         13    
     87576 09092013    0    18.1      -54.3      -87.3                          
     87576 09092013    0    17.0                              230         14    
     87576 09092013    0    16.8      -49.7      -83.7                          
     87576 09092013    0    16.4                              240         15    
     87576 09092013    0    15.6                              230         18    
     87576 09092013    0    15.1                              270         14    
     87576 09092013    0    14.5      -51.3      -84.3                          
     87576 09092013    0    14.4                              235         19    
     87576 09092013    0    13.5                              230         13    
     87576 09092013    0    12.8      -47.9      -82.9                          
     87576 09092013    0    12.1                              290         19    
     87576 09092013    0    11.6      -49.7      -83.7                          
     87576 09092013    0    11.4                              290         16    
     87576 09092013    0    10.7                              230         11    
     87576 09092013    0    10.3                              245          9    
     87576 09092013    0     9.9                              270         16    
     87576 09092013    0     9.4                              275         23    
     87576 09092013    0     8.9      -47.1      -82.1        255         21    
     87576 10092013    0  1005.0       25.8       17.8         20         14    
     87576 10092013    0  1000.0                                5         18    
     87576 10092013    0   986.0                               10         34    
     87576 10092013    0   985.0       25.4       17.4                          
     87576 10092013    0   978.0                                5         42    
     87576 10092013    0   964.0       27.4       15.4                          
     87576 10092013    0   913.0       25.6       12.6                          
     87576 10092013    0   903.0                              325         51    
     87576 10092013    0   886.0       26.2        7.2                          
     87576 10092013    0   847.0         23          4                          
     87576 10092013    0   797.0                              305         45    
     87576 10092013    0   792.0       21.2      -18.8                          
     87576 10092013    0   743.0       16.4      -21.6                          
     87576 10092013    0   682.0       12.6      -24.4                          
     87576 10092013    0   613.0                              295         26    
     87576 10092013    0   547.0       -2.7      -25.7                          
     87576 10092013    0   453.0      -16.3      -27.3                          
     87576 10092013    0   428.0                              255         33    
     87576 10092013    0   402.0      -22.9      -28.9                          
     87576 10092013    0   356.0      -28.9      -40.9                          
     87576 10092013    0   318.0                              250         54    
     87576 10092013    0   297.0      -39.7      -47.7                          
     87576 10092013    0   277.0      -43.9      -55.9                          
     87576 10092013    0   267.0      -45.9      -53.9                          
     87576 10092013    0   265.0                              260         61    
     87576 10092013    0   235.0      -53.5      -64.5                          
     87576 10092013    0   227.0      -55.3      -60.2                          
     87576 10092013    0   191.0                              245         66    
     87576 10092013    0   176.0                              235         61    
     87576 10092013    0   175.0      -67.5      -73.5                          
     87576 10092013    0   168.0                              255         44    
     87576 10092013    0   157.0                              275         54    
     87576 10092013    0   148.0      -70.7      -78.7                          
     87576 10092013    0   145.0                              265         76    
     87576 10092013    0   135.0                              245         52    
     87576 10092013    0   130.0                              260         39    
     87576 10092013    0   125.0                              270         45    
     87576 10092013    0   121.0                              265         52    
     87576 10092013    0   118.0      -68.1      -84.1                          
     87576 10092013    0   114.0                              270         35    
     87576 10092013    0   106.0                              285         31    
     87576 10092013    0   104.0      -72.5      -87.5                          
     87576 10092013    0   100.0      -71.3      -87.3        270         28    
     87576 10092013    0    97.3                              255         23    
     87576 10092013    0    96.0                              265         20    
     87576 10092013    0    93.1                              295         24    
     87576 10092013    0    86.6                              275         39    
     87576 10092013    0    81.4      -64.7      -89.7                          
     87576 10092013    0    78.9                              250         26    
     87576 10092013    0    78.5      -65.9      -90.9                          
     87576 10092013    0    76.2                              260         20    
     87576 10092013    0    70.7      -60.3      -91.3                          
     87576 10092013    0    69.7                              225         14    
     87576 10092013    0    65.5                              275          3    
     87576 10092013    0    62.8                              325         10    
     87576 10092013    0    59.3                              305         27    
     87576 10092013    0    57.4      -62.9      -92.9                          
     87576 10092013    0    53.7                              280         21    
     87576 10092013    0    49.7                              295         21    
     87576 10092013    0    47.4                              270         24    
     87576 10092013    0    44.0      -56.9      -88.9                          
     87576 10092013    0    43.9                              285         18    
     87576 10092013    0    41.4                              330         15    
     87576 10092013    0    40.3                              290         15    
     87576 10092013    0    39.5      -59.1      -90.1                          
     87576 10092013    0    37.6                              235         18    
     87576 10092013    0    36.5                              240         12    
     87576 10092013    0    35.3                              285         14    
     87576 10092013    0    27.7                                0          0    
     87576 10092013    0    25.0      -53.5      -86.5                          
     87576 10092013    0    23.5                              235         13    
     87576 10092013    0    22.7                              220         14    
     87576 10092013    0    21.8                              235         16    
     87576 10092013    0    21.3      -55.9      -87.9                          
     87576 10092013    0    21.2                              245         14    
     87576 10092013    0    19.6      -53.1      -86.1        320         13    
     87576 10092013    0    19.2                              325         10    
     87576 10092013    0    17.7      -55.1      -87.1                          
     87576 10092013    0    17.6                              295          4    
     87576 10092013    0    17.2                              245         10    
     87576 10092013    0    16.3                              245         12    
     87576 10092013    0    14.9                              235         10    
     87576 10092013    0    14.4                              255         14    
     87576 10092013    0    14.1                              250         14    
     87576 10092013    0    13.6                              205         13    
     87576 10092013    0    13.2      -52.9      -85.9                          
     87576 10092013    0    13.1                              205         19    
     87576 10092013    0    12.7                              210         13    
     87576 10092013    0    12.3                              235         10    
     87576 10092013    0    11.9      -48.1      -82.1                          
     87576 10092013    0    11.6                              225         10    
     87576 10092013    0    11.3                              275          2    
     87576 10092013    0    10.6                              190         10    
     87576 10092013    0    10.1                              210         15    
     87576 10092013    0     9.8      -45.5      -80.5                          
     87576 10092013    0     9.6                              295         11    
     87576 10092013    0     9.4                              305         16    
     87576 10092013    0     9.1                              280         13    
     87576 10092013    0     8.8                              255         20    
     87576 10092013    0     8.2                              275         31    
     87576 10092013    0     7.7      -48.9      -82.9        270         44    
     87576 11092013    0  1005.0       28.8       16.8         70          6    
     87576 11092013    0   988.0       31.4       15.4                          
     87576 11092013    0   979.0                              340         10    
     87576 11092013    0   954.0       29.8       12.8                          
     87576 11092013    0   806.0                              335         31    
     87576 11092013    0   774.0       13.8        6.8                          
     87576 11092013    0   763.0         15         -2                          
     87576 11092013    0   732.0       12.4       -7.6                          
     87576 11092013    0   728.0                              315         41    
     87576 11092013    0   719.0       13.6      -22.4                          
     87576 11092013    0   672.0                              300         32    
     87576 11092013    0   557.0        -.7      -27.7                          
     87576 11092013    0   459.0                              320         54    
     87576 11092013    0   452.0      -13.9      -35.9                          
     87576 11092013    0   381.0      -25.9      -34.9                          
     87576 11092013    0   369.0                              295         62    
     87576 11092013    0   352.0      -29.5      -48.5                          
     87576 11092013    0   309.0                              285         59    
     87576 11092013    0   261.0      -47.9      -52.2                          
     87576 11092013    0   256.0                              295         61    
     87576 11092013    0   246.0      -51.1      -55.1                          
     87576 11092013    0   219.0                              285         62    
     87576 11092013    0   214.0      -57.5      -60.8                          
     87576 11092013    0   174.0      -67.7      -71.1                          
     87576 11092013    0   159.0                              260         76    
     87576 11092013    0   158.0      -63.9      -76.9                          
     87576 11092013    0   146.0                              260         66    
     87576 11092013    0   137.0                              280         50    
     87576 11092013    0   117.0      -69.9      -85.9                          
     87576 11092013    0   116.0                              255         52    
     87576 11092013    0   112.0      -65.5      -83.5        255         40    
     87576 11092013    0   109.0                              275         29    
     87576 11092013    0   100.0      -69.3      -87.3        325         24    
     87576 11092013    0    97.7      -70.3      -88.3                          
     87576 11092013    0    96.9                              325         27    
     87576 11092013    0    90.2                              285         33    
     87576 11092013    0    87.2      -66.9      -86.9                          
     87576 11092013    0    85.2                              285         25    
     87576 11092013    0    80.7                              265         17    
     87576 11092013    0    75.3      -70.1      -90.1                          
     87576 11092013    0    72.0                              235         31    
     87576 11092013    0    70.2      -64.3      -87.3                          
     87576 11092013    0    68.6                              225         17    
     87576 11092013    0    66.1                              265         14    
     87576 11092013    0    64.0                              300         16    
     87576 11092013    0    63.0      -60.5      -86.5                          
     87576 11092013    0    59.9                              310         30    
     87576 11092013    0    57.2                              290         28    
     87576 11092013    0    55.6      -63.9      -89.9                          
     87576 11092013    0    54.6                              310         23    
     87576 11092013    0    49.9                              250         35    
     87576 11092013    0    48.5      -56.5      -85.5                          
     87576 11092013    0    45.8                              220         21    
     87576 11092013    0    40.6                              220         11    
     87576 11092013    0    39.7      -60.3      -88.3                          
     87576 11092013    0    37.1                              245         10    
     87576 11092013    0    36.2                              280          5    
     87576 11092013    0    34.3                              300         10    
     87576 11092013    0    33.3                              310         13    
     87576 11092013    0    31.4                              285         10    
     87576 11092013    0    30.1                              305         18    
     87576 11092013    0    29.5                              300         20    
     87576 11092013    0    27.4                              265         12    
     87576 11092013    0    26.5      -54.9      -85.9                          
     87576 11092013    0    24.7                                5         10    
     87576 11092013    0    24.1      -57.3      -87.3                          
     87576 11092013    0    24.0                               10         11    
     87576 11092013    0    22.4                              305          5    
     87576 11092013    0    21.5                              285         10    
     87576 11092013    0    20.9                              305         13    
     87576 11092013    0    19.0                              280         12    
     87576 11092013    0    18.3                              245         12    
     87576 11092013    0    16.9                              240         22    
     87576 11092013    0    16.7      -52.9      -84.9                          
     87576 11092013    0    16.0                              235         10    
     87576 11092013    0    15.5      -54.7      -85.7        280          3    
     87576 11092013    0    15.1                              330         10    
     87576 11092013    0    14.4                              265         21    
     87576 11092013    0    14.2                              255         22    
     87576 11092013    0    12.7      -51.1      -83.1        220         13    
