     87576 16092013   12  1014.0          8        6.5        160         14    
     87576 16092013   12   992.0                              165         27    
     87576 16092013   12   963.0          5        4.7                          
     87576 16092013   12   917.0                              125         39    
     87576 16092013   12   904.0                              115         38    
     87576 16092013   12   763.0       -1.1       -1.3         70         10    
     87576 16092013   12   746.0                              115          5    
     87576 16092013   12   673.0                               80          3    
     87576 16092013   12   644.0                               60         10    
     87576 16092013   12   610.0                               30         27    
     87576 16092013   12   607.0       -9.9      -10.2                          
     87576 16092013   12   596.0                               20         22    
     87576 16092013   12   583.0      -13.1      -15.4         30         19    
     87576 16092013   12   564.0                               15         17    
     87576 16092013   12   537.0      -17.7        -18        355         20    
     87576 16092013   12   532.0      -18.5      -20.4                          
     87576 16092013   12   529.0      -18.9      -21.9                          
     87576 16092013   12   492.0                               10         26    
     87576 16092013   12   470.0      -24.5      -25.6                          
     87576 16092013   12   395.0                              325         29    
     87576 16092013   12   375.0                              310         48    
     87576 16092013   12   349.0      -43.7      -47.8                          
     87576 16092013   12   323.0                              325         73    
     87576 16092013   12   308.0      -50.3      -56.3                          
     87576 16092013   12   300.0      -51.7      -54.6                          
     87576 16092013   12   280.0                              335         78    
     87576 16092013   12   278.0      -55.1      -60.1                          
     87576 16092013   12   272.0      -56.1      -64.1                          
     87576 16092013   12   266.0      -55.3      -71.3                          
     87576 16092013   12   247.0      -55.5      -75.5                          
     87576 16092013   12   242.0      -55.5      -66.5                          
     87576 16092013   12   240.0                              330         66    
     87576 16092013   12   217.0                              320         83    
     87576 16092013   12   199.0                              320         68    
     87576 16092013   12   195.0      -55.5      -71.5                          
     87576 16092013   12   191.0      -54.3      -67.3                          
     87576 16092013   12   185.0      -53.3      -81.3                          
     87576 16092013   12   180.0      -52.1      -70.1                          
     87576 16092013   12   178.0                              300         74    
     87576 16092013   12   149.0                              300         57    
     87576 16092013   12   137.0                              315         62    
     87576 16092013   12   113.0                              310         72    
     87576 16092013   12   104.0      -57.3      -75.3        305         76    
     87576 16092013   12   100.0      -55.7      -72.7        295         73    
     87576 16092013   12    96.3      -52.3      -70.3                          
     87576 16092013   12    89.1                              285         50    
     87576 16092013   12    75.1                              290         58    
     87576 16092013   12    70.0      -63.9      -80.9                          
     87576 16092013   12    69.5                              295         52    
     87576 16092013   12    65.3                              275         55    
     87576 16092013   12    60.9      -60.9      -78.9                          
     87576 16092013   12    58.7                              285         34    
     87576 16092013   12    57.3                              295         35    
     87576 16092013   12    52.9      -64.5      -80.5                          
     87576 16092013   12    52.0                              295         48    
     87576 16092013   12    50.6      -61.5      -79.5                          
     87576 16092013   12    49.2                              275         51    
     87576 16092013   12    45.7                              285         67    
     87576 16092013   12    43.6                              285         51    
     87576 16092013   12    37.7                              290         56    
     87576 16092013   12    34.0                              280         56    
     87576 16092013   12    33.9      -57.1      -76.1                          
     87576 16092013   12    30.1                              295         61    
     87576 16092013   12    26.3                              280         67    
     87576 16092013   12    23.2                              295         57    
     87576 16092013   12    20.8      -53.1      -77.1        285         62    
