     87576 25092013   12  1027.0   9.8   3.8   100    4                                             
     87576 25092013   12  1026.0   8.2   3.9                28                                      
     87576 25092013   12  1013.0                40   10                                             
     87576 25092013   12   991.0                45   15                                             
     87576 25092013   12   946.0                35   13                                             
     87576 25092013   12   939.0   3.4   2.5               753                                      
     87576 25092013   12   904.0   1.8  -2.6              1059                                      
     87576 25092013   12   898.0   2.0  -9.0              1112                                      
     87576 25092013   12   889.0               335   10                                             
     87576 25092013   12   878.0    .8 -10.2              1293                                      
     87576 25092013   12   870.0   1.4 -23.6              1366                                      
     87576 25092013   12   852.0               325   10                                             
     87576 25092013   12   832.0               345   10                                             
     87576 25092013   12   826.0    .0 -18.0              1781                                      
     87576 25092013   12   820.0    .2 -34.8              1839                                      
     87576 25092013   12   772.0               355    2                                             
     87576 25092013   12   769.0  -2.3 -22.3              2350                                      
     87576 25092013   12   735.0  -3.3 -29.3              2708                                      
     87576 25092013   12   725.0  -2.9 -39.9              2816                                      
     87576 25092013   12   633.0               260   10                                             
     87576 25092013   12   626.0 -11.5 -34.5              3959                                      
     87576 25092013   12   624.0               270   12                                             
     87576 25092013   12   583.0               245   13                                             
     87576 25092013   12   573.0               260   11                                             
     87576 25092013   12   555.0               240   21                                             
     87576 25092013   12   539.0 -18.1 -36.1              5091                                      
     87576 25092013   12   487.0 -21.7 -49.7              5843                                      
     87576 25092013   12   352.0 -38.9 -60.9              8151                                      
     87576 25092013   12   309.0 -44.1 -74.1              9034                                      
     87576 25092013   12   285.0 -47.1 -66.1              9572                                      
     87576 25092013   12   254.0               255   58                                             
     87576 25092013   12   252.0 -44.3 -76.3             10391                                      
     87576 25092013   12   211.0               250   72                                             
     87576 25092013   12   196.0               240   60                                             
     87576 25092013   12   180.0               255   54                                             
     87576 25092013   12   177.0 -47.9 -81.9             12740                                      
     87576 25092013   12   167.0               265   64                                             
     87576 25092013   12   137.0               250   55                                             
     87576 25092013   12   128.0               265   60                                             
     87576 25092013   12   100.0 -63.5 -87.5   245   40  16375                                      
     87576 25092013   12    92.3 -65.5 -89.5             16864                                      
     87576 25092013   12    91.6               240   30                                             
     87576 25092013   12    87.8               265   25                                             
     87576 25092013   12    79.8               260   21                                             
     87576 25092013   12    76.1               280   23                                             
     87576 25092013   12    71.3               270   32                                             
     87576 25092013   12    70.7 -65.3 -92.3             18486                                      
     87576 25092013   12    67.8 -62.3 -90.3             18742                                      
     87576 25092013   12    67.0 -62.5 -90.5             18815                                      
     87576 25092013   12    65.5               235   12                                             
     87576 25092013   12    63.5               260    6                                             
     87576 25092013   12    62.0               305   10                                             
     87576 25092013   12    59.7               295   12                                             
     87576 25092013   12    58.2               320   14                                             
     87576 25092013   12    56.2 -62.5 -92.5             19899                                      
     87576 25092013   12    56.1               325   23                                             
     87576 25092013   12    55.3               315   25                                             
     87576 25092013   12    52.7               290   19                                             
     87576 25092013   12    47.7               285   19                                             
     87576 25092013   12    45.8               330   17                                             
     87576 25092013   12    45.4 -56.5 -88.5             21233                                      
     87576 25092013   12    44.5               345   20                                             
     87576 25092013   12    42.2               340   20                                             
     87576 25092013   12    39.4               285   15                                             
     87576 25092013   12    37.3               285   10                                             
     87576 25092013   12    36.4               290    6                                             
     87576 25092013   12    35.6               345   10                                             
     87576 25092013   12    34.2 -59.3 -90.3             23018                                      
     87576 25092013   12    33.1               290   16                                             
     87576 25092013   12    31.6               295   10                                             
     87576 25092013   12    30.0               275   12                                             
     87576 25092013   12    29.7               280   10                                             
     87576 25092013   12    29.5               305    9                                             
     87576 25092013   12    29.1               340   11                                             
     87576 25092013   12    27.9               345   23                                             
     87576 25092013   12    25.2               290   10                                             
     87576 25092013   12    24.9               295    6                                             
     87576 25092013   12    24.6 -50.9 -84.9             25122                                      
     87576 25092013   12    23.8               355   15                                             
     87576 25092013   12    23.0 -51.9 -84.9             25558                                      
     87576 25092013   12    22.6                10   16                                             
     87576 25092013   12    21.9               350   14                                             
     87576 25092013   12    21.2                20   18                                             
     87576 25092013   12    19.4 -50.5 -84.5             26664                                      
     87576 25092013   12    18.9                20   17                                             
     87576 25092013   12    18.4                35   21                                             
     87576 25092013   12    18.2 -45.9 -80.9             27084                                      
     87576 25092013   12    17.1                45   29                                             
     87576 25092013   12    15.7 -45.5 -80.5             28068                                      
     87576 25092013   12    15.0 -46.7 -81.7             28371                                      
     87576 25092013   12     9.4 -36.3 -74.3             31542                                      
