     87576 06102013    0  1020.0  16.4   9.4    70    6                                             
     87576 06102013    0  1019.0  14.0   9.8                28                                      
     87576 06102013    0   997.0  13.2   9.8               211                                      
     87576 06102013    0   984.0  14.8    .8               321                                      
     87576 06102013    0   981.0                45   10                                             
     87576 06102013    0   915.0  10.0   2.0               930                                      
     87576 06102013    0   908.0  10.4  -3.6               993                                      
     87576 06102013    0   891.0  10.0 -16.0              1150                                      
     87576 06102013    0   860.0                 0    0                                             
     87576 06102013    0   815.0   4.4  -8.6              1881                                      
     87576 06102013    0   800.0   3.6 -10.4              2031                                      
     87576 06102013    0   778.0   5.0 -19.0              2257                                      
     87576 06102013    0   772.0               220   10                                             
     87576 06102013    0   754.0               210   11                                             
     87576 06102013    0   739.0   1.6  -8.4              2673                                      
     87576 06102013    0   729.0               230   16                                             
     87576 06102013    0   716.0   -.3 -17.3              2926                                      
     87576 06102013    0   697.0  -2.3  -8.3   210   26   3140                                      
     87576 06102013    0   675.0  -3.7 -13.7              3394                                      
     87576 06102013    0   666.0               225   34                                             
     87576 06102013    0   628.0               230   30                                             
     87576 06102013    0   621.0 -10.1 -15.1              4044                                      
     87576 06102013    0   617.0  -9.3 -33.3              4093                                      
     87576 06102013    0   611.0               215   34                                             
     87576 06102013    0   610.0  -8.7 -40.7              4181                                      
     87576 06102013    0   479.0               240   50                                             
     87576 06102013    0   446.0 -27.3 -64.3              6520                                      
     87576 06102013    0   400.0 -32.9 -53.9              7294                                      
     87576 06102013    0   394.0               245   62                                             
     87576 06102013    0   374.0 -35.3 -66.3              7764                                      
     87576 06102013    0   324.0 -38.5 -68.5              8756                                      
     87576 06102013    0   317.0               235   51                                             
     87576 06102013    0   290.0 -44.7 -70.7              9507                                      
     87576 06102013    0   275.0               220   59                                             
     87576 06102013    0   256.0 -49.1 -73.1             10333                                      
     87576 06102013    0   251.0 -48.3 -74.3             10462                                      
     87576 06102013    0   241.0               255   63                                             
     87576 06102013    0   228.0               250   77                                             
     87576 06102013    0   203.0 -48.5 -82.5             11858                                      
     87576 06102013    0   159.0               260   94                                             
     87576 06102013    0   139.0               265   68                                             
     87576 06102013    0   132.0               265   74                                             
     87576 06102013    0   111.0 -65.5 -89.5             15678                                      
     87576 06102013    0   103.0               260   43                                             
     87576 06102013    0   100.0 -63.9 -91.9   260   44  16315                                      
     87576 06102013    0    91.0               250   38                                             
     87576 06102013    0    84.3               275   32                                             
     87576 06102013    0    81.7               270   27                                             
     87576 06102013    0    77.7               275   39                                             
     87576 06102013    0    71.4               285   21                                             
     87576 06102013    0    69.3               295   24                                             
     87576 06102013    0    63.0               260   41                                             
     87576 06102013    0    62.3 -64.9 -93.9             19208                                      
     87576 06102013    0    61.8               255   38                                             
     87576 06102013    0    59.7               265   24                                             
     87576 06102013    0    56.0 -58.9 -89.9             19867                                      
     87576 06102013    0    52.9               240   20                                             
     87576 06102013    0    50.9 -61.1 -92.1             20463                                      
     87576 06102013    0    50.8               270   21                                             
     87576 06102013    0    48.8               260   17                                             
     87576 06102013    0    48.3               270   16                                             
     87576 06102013    0    47.3               295   19                                             
     87576 06102013    0    41.2               285   23                                             
     87576 06102013    0    38.0               270   12                                             
     87576 06102013    0    37.0               245   16                                             
     87576 06102013    0    35.0               240   24                                             
     87576 06102013    0    34.0               245   17                                             
     87576 06102013    0    33.0               275   16                                             
     87576 06102013    0    31.5               265   14                                             
     87576 06102013    0    30.5 -53.7 -86.7             23698                                      
     87576 06102013    0    29.2               280    6                                             
     87576 06102013    0    28.2 -57.3 -89.3             24197                                      
     87576 06102013    0    27.7               290   12                                             
     87576 06102013    0    25.6               290   13                                             
     87576 06102013    0    22.5               240   18                                             
     87576 06102013    0    21.8               265   12                                             
     87576 06102013    0    21.1               265   11                                             
     87576 06102013    0    20.3               230   10                                             
     87576 06102013    0    18.8               275   10                                             
     87576 06102013    0    18.3               250   16                                             
     87576 06102013    0    16.9               260   14                                             
     87576 06102013    0    16.5               280   10                                             
     87576 06102013    0    15.8               250   12                                             
     87576 06102013    0    14.7               245   12                                             
     87576 06102013    0    14.4               255   10                                             
     87576 06102013    0    14.0               265    7                                             
     87576 06102013    0    13.3               235   13                                             
     87576 06102013    0    13.0 -45.5 -80.5             29226                                      
     87576 06102013    0    12.7               260   15                                             
     87576 06102013    0    12.2               240   20                                             
     87576 06102013    0    11.8               235   17                                             
     87576 06102013    0    11.3               280   13                                             
     87576 06102013    0    11.1 -47.3 -82.3             30275                                      
     87576 06102013    0    10.7               250   17                                             
     87576 06102013    0    10.3               280   17                                             
     87576 06102013    0     9.8 -44.1 -80.1             31104                                      
     87576 06102013    0     9.5               265   17                                             
     87576 06102013    0     9.3               240   13                                             
     87576 06102013    0     9.1 -38.9 -75.9   205    9  31606                                      
