     87576 05102013    0  1020.0  15.6   9.6    90    4                                             
     87576 05102013    0   936.0               110   14                                             
     87576 05102013    0   892.0               160   11                                             
     87576 05102013    0   877.0               165   14                                             
     87576 05102013    0   866.0   5.4   2.4              1383                                      
     87576 05102013    0   853.0   5.6  -1.4              1506                                      
     87576 05102013    0   851.0               135   17                                             
     87576 05102013    0   784.0               125   16                                             
     87576 05102013    0   777.0    .4 -12.6              2261                                      
     87576 05102013    0   768.0    .6 -22.4              2354                                      
     87576 05102013    0   709.0               190   10                                             
     87576 05102013    0   692.0  -4.3 -16.3              3181                                      
     87576 05102013    0   680.0               165   13                                             
     87576 05102013    0   615.0               195   17                                             
     87576 05102013    0   612.0  -7.9 -43.9              4142                                      
     87576 05102013    0   597.0  -7.5 -55.5              4334                                      
     87576 05102013    0   560.0               200   22                                             
     87576 05102013    0   543.0 -11.1 -49.1              5066                                      
     87576 05102013    0   519.0               220   27                                             
     87576 05102013    0   492.0               210   29                                             
     87576 05102013    0   414.0 -27.5 -44.5              7082                                      
     87576 05102013    0   392.0               230   33                                             
     87576 05102013    0   356.0               215   43                                             
     87576 05102013    0   346.0 -37.7 -49.7              8345                                      
     87576 05102013    0   318.0 -42.7 -56.7              8920                                      
     87576 05102013    0   301.0               240   55                                             
     87576 05102013    0   289.0 -47.1 -61.1              9559                                      
     87576 05102013    0   261.0 -49.3 -68.3             10230                                      
     87576 05102013    0   260.0               235   60                                             
     87576 05102013    0   238.0 -42.3 -78.3             10843                                      
     87576 05102013    0   236.0               250   74                                             
     87576 05102013    0   175.0               270   63                                             
     87576 05102013    0   160.0               255   64                                             
     87576 05102013    0   142.0               255   43                                             
     87576 05102013    0   137.0               265   37                                             
     87576 05102013    0   131.0               285   42                                             
     87576 05102013    0   125.0 -64.5 -87.5             14987                                      
     87576 05102013    0   121.0               270   59                                             
     87576 05102013    0   111.0               275   59                                             
     87576 05102013    0   106.0               260   51                                             
     87576 05102013    0   100.0 -63.7 -90.7   275   39  16353                                      
     87576 05102013    0    96.5               280   48                                             
     87576 05102013    0    93.3 -62.1 -92.1             16780                                      
     87576 05102013    0    89.3               265   36                                             
     87576 05102013    0    86.4               290   29                                             
     87576 05102013    0    85.0               300   31                                             
     87576 05102013    0    76.6               295   48                                             
     87576 05102013    0    71.9 -67.1 -95.1             18371                                      
     87576 05102013    0    67.7               270   25                                             
     87576 05102013    0    66.1               280   21                                             
     87576 05102013    0    62.0               305   26                                             
     87576 05102013    0    59.6 -61.3 -92.3             19518                                      
     87576 05102013    0    55.6               265   29                                             
     87576 05102013    0    55.0 -62.5 -92.5             20014                                      
     87576 05102013    0    54.0               260   25                                             
     87576 05102013    0    51.5               290   17                                             
     87576 05102013    0    48.2               265   25                                             
     87576 05102013    0    44.4               305   15                                             
     87576 05102013    0    43.3               290   12                                             
     87576 05102013    0    41.5               305   10                                             
     87576 05102013    0    38.7               290   26                                             
     87576 05102013    0    36.7               285   19                                             
     87576 05102013    0    35.2               295   18                                             
     87576 05102013    0    33.7               280   21                                             
     87576 05102013    0    32.2               290   15                                             
     87576 05102013    0    31.0               260   21                                             
     87576 05102013    0    28.6               285   19                                             
     87576 05102013    0    27.3               270   21                                             
     87576 05102013    0    27.1 -58.3 -89.3             24422                                      
     87576 05102013    0    26.4               280   19                                             
     87576 05102013    0    25.5               265   22                                             
     87576 05102013    0    24.3               290   21                                             
     87576 05102013    0    21.3               255   17                                             
     87576 05102013    0    19.7               255   10                                             
     87576 05102013    0    19.0 -49.9 -83.9             26699                                      
     87576 05102013    0    18.5 -50.7 -84.7             26873                                      
     87576 05102013    0    17.6               270   10                                             
     87576 05102013    0    16.9               240   12                                             
     87576 05102013    0    16.5               275    7                                             
     87576 05102013    0    16.2               295   10                                             
     87576 05102013    0    15.4               255   14                                             
     87576 05102013    0    14.3               260   28                                             
     87576 05102013    0    11.9               260   12                                             
     87576 05102013    0    11.5 -44.9 -79.9             30010                                      
     87576 05102013    0    11.1               305   12                                             
     87576 05102013    0    10.6               280   16                                             
     87576 05102013    0    10.1               295   17                                             
     87576 05102013    0     9.2 -36.7 -74.7   290   19  31527                                      
