     87576 22092013    0  1017.0   9.6   7.3   340    4                                             
     87576 22092013    0  1002.0               250   10                                             
     87576 22092013    0   999.0   9.2   6.5               168                                      
     87576 22092013    0   986.0   9.8  -1.2               276                                      
     87576 22092013    0   941.0               195   13                                             
     87576 22092013    0   873.0   3.2 -11.8              1273                                      
     87576 22092013    0   868.0               210   14                                             
     87576 22092013    0   835.0               235   12                                             
     87576 22092013    0   808.0               225   10                                             
     87576 22092013    0   806.0  -1.5  -5.0              1913                                      
     87576 22092013    0   793.0  -1.7  -6.1              2042                                      
     87576 22092013    0   789.0               240   13                                             
     87576 22092013    0   782.0  -1.1  -9.1              2153                                      
     87576 22092013    0   751.0               225   16                                             
     87576 22092013    0   744.0  -3.7 -14.7              2548                                      
     87576 22092013    0   742.0               230   16                                             
     87576 22092013    0   699.0  -7.5  -8.3              3037                                      
     87576 22092013    0   698.0               270   31                                             
     87576 22092013    0   687.0  -7.1  -8.1              3172                                      
     87576 22092013    0   631.0               260   49                                             
     87576 22092013    0   625.0 -10.9 -15.9              3904                                      
     87576 22092013    0   554.0 -18.1 -19.7              4818                                      
     87576 22092013    0   531.0 -19.5 -30.5              5134                                      
     87576 22092013    0   510.0 -21.9 -34.9              5432                                      
     87576 22092013    0   489.0               295   64                                             
     87576 22092013    0   488.0 -24.9 -34.9              5754                                      
     87576 22092013    0   441.0 -30.5 -59.5              6482                                      
     87576 22092013    0   382.0 -39.7 -57.7              7482                                      
     87576 22092013    0   379.0               295   75                                             
     87576 22092013    0   361.0               305   67                                             
     87576 22092013    0   359.0 -41.3 -72.3              7905                                      
     87576 22092013    0   350.0               310   72                                             
     87576 22092013    0   328.0 -46.1 -73.1              8511                                      
     87576 22092013    0   291.0               300   90                                             
     87576 22092013    0   286.0 -46.1 -78.1              9421                                      
     87576 22092013    0   275.0 -43.5 -79.5              9683                                      
     87576 22092013    0   266.0               285   77                                             
     87576 22092013    0   252.0 -47.7 -81.7             10265                                      
     87576 22092013    0   218.0 -43.1 -79.1             11231                                      
     87576 22092013    0   206.0               285   55                                             
     87576 22092013    0   188.0 -48.5 -82.5   285   66  12216                                      
     87576 22092013    0   177.0 -46.7 -81.7             12614                                      
     87576 22092013    0   144.0               275   46                                             
     87576 22092013    0   143.0 -49.5 -83.5             14019                                      
     87576 22092013    0   130.0               275   60                                             
     87576 22092013    0   117.0               260   36                                             
     87576 22092013    0   113.0 -56.9 -87.9             15535                                      
     87576 22092013    0   100.0 -57.5 -89.5   270   30  16307                                      
     87576 22092013    0    94.5               280   28                                             
     87576 22092013    0    92.2 -55.5 -87.5             16822                                      
     87576 22092013    0    90.7               315   27                                             
     87576 22092013    0    84.1               320   36                                             
     87576 22092013    0    79.6               310   39                                             
     87576 22092013    0    78.5 -60.5 -91.5             17835                                      
     87576 22092013    0    75.2               300   34                                             
     87576 22092013    0    73.6 -61.3 -91.3             18235                                      
     87576 22092013    0    71.4               250   25                                             
     87576 22092013    0    70.3               245   21                                             
     87576 22092013    0    67.3               280   16                                             
     87576 22092013    0    66.5 -58.7 -89.7             18868                                      
     87576 22092013    0    61.4 -61.1 -92.1             19366                                      
     87576 22092013    0    60.1               230   17                                             
     87576 22092013    0    55.9 -55.1 -87.1             19957                                      
     87576 22092013    0    55.7               275   10                                             
     87576 22092013    0    53.7               320    2                                             
     87576 22092013    0    47.5                45    1                                             
     87576 22092013    0    42.1               345   11                                             
     87576 22092013    0    39.9               330   24                                             
     87576 22092013    0    39.5 -59.7 -90.7             22151                                      
     87576 22092013    0    38.1               320   12                                             
     87576 22092013    0    36.4               285   13                                             
     87576 22092013    0    33.0               190   11                                             
     87576 22092013    0    31.9               180   10                                             
     87576 22092013    0    29.7 -55.9 -87.9             23948                                      
     87576 22092013    0    28.9                 0    0                                             
     87576 22092013    0    28.3 -56.9 -88.9             24254                                      
     87576 22092013    0    27.5               205   13                                             
     87576 22092013    0    27.2               210   14                                             
     87576 22092013    0    26.2               245   10                                             
     87576 22092013    0    25.9 -50.7 -84.7             24823                                      
     87576 22092013    0    22.5               145   10                                             
     87576 22092013    0    22.1               150   13                                             
     87576 22092013    0    21.7               135   10                                             
     87576 22092013    0    20.2 -54.5 -87.5             26428                                      
     87576 22092013    0    18.6                 0    0                                             
     87576 22092013    0    18.0 -50.1 -84.1             27173                                      
     87576 22092013    0    13.7 -53.9 -86.9             28941                                      
     87576 22092013    0    12.6               180   10                                             
     87576 22092013    0    12.2 -48.3 -82.3   160   11  29695                                      
