     87576 14092013    0  1021.0          9        6.4        160         12    
     87576 14092013    0  1010.0                              145         20    
     87576 14092013    0   975.0                              145         25    
     87576 14092013    0   947.0        3.2        2.8                          
     87576 14092013    0   903.0                              130         23    
     87576 14092013    0   899.0          1         .8                          
     87576 14092013    0   885.0        1.4        1.1                          
     87576 14092013    0   871.0        2.8       -1.6                          
     87576 14092013    0   868.0                              165         23    
     87576 14092013    0   833.0         .8       -1.3        165         13    
     87576 14092013    0   821.0        1.8       -4.2                          
     87576 14092013    0   812.0                              240          3    
     87576 14092013    0   797.0        2.2      -13.8                          
     87576 14092013    0   749.0        -.7      -10.7                          
     87576 14092013    0   737.0        -.3      -19.3                          
     87576 14092013    0   733.0                              340         14    
     87576 14092013    0   699.0                              320         13    
     87576 14092013    0   690.0                              295         13    
     87576 14092013    0   682.0                              270         16    
     87576 14092013    0   679.0       -2.9      -12.9                          
     87576 14092013    0   659.0                              275         31    
     87576 14092013    0   657.0        -.9      -19.9                          
     87576 14092013    0   602.0                              270         41    
     87576 14092013    0   585.0       -6.1      -31.1                          
     87576 14092013    0   532.0       -9.1      -40.1                          
     87576 14092013    0   495.0                              300         71    
     87576 14092013    0   471.0      -16.7      -43.7                          
     87576 14092013    0   377.0      -29.3      -48.3                          
     87576 14092013    0   338.0      -34.1      -57.1                          
     87576 14092013    0   271.0      -46.5      -55.5                          
     87576 14092013    0   237.0      -52.9      -63.9                          
     87576 14092013    0   233.0                              315        112    
     87576 14092013    0   232.0      -52.1      -71.1                          
     87576 14092013    0   206.0      -58.9      -70.9                          
     87576 14092013    0   203.0                              310         99    
     87576 14092013    0   186.0                              320        113    
     87576 14092013    0   176.0      -61.1      -79.1                          
     87576 14092013    0   175.0                              310        119    
     87576 14092013    0   171.0      -58.5      -81.5                          
     87576 14092013    0   152.0                              295         97    
     87576 14092013    0   142.0                              305         77    
     87576 14092013    0   133.0      -64.3      -87.3                          
     87576 14092013    0   126.0      -62.5      -86.5        285         72    
     87576 14092013    0   115.0                              300         66    
     87576 14092013    0   112.0      -67.7      -88.7                          
     87576 14092013    0   100.0      -64.3      -89.3        285         60    
     87576 14092013    0    95.8                              275         48    
     87576 14092013    0    81.8                              295         40    
     87576 14092013    0    78.6      -69.5      -93.5                          
     87576 14092013    0    75.5                              285         38    
     87576 14092013    0    72.6                              295         29    
     87576 14092013    0    68.7                              305         40    
     87576 14092013    0    62.5                              305         46    
     87576 14092013    0    60.5      -61.3      -92.3                          
     87576 14092013    0    55.2                              265         37    
     87576 14092013    0    53.7                              275         33    
     87576 14092013    0    52.4                              285         34    
     87576 14092013    0    50.6      -64.7      -94.7                          
     87576 14092013    0    44.2                              280         48    
     87576 14092013    0    41.0                              300         34    
     87576 14092013    0    37.5                              275         31    
     87576 14092013    0    36.5                              290         26    
     87576 14092013    0    36.2      -55.1      -87.1                          
     87576 14092013    0    35.5                              310         32    
     87576 14092013    0    31.1                              295         48    
     87576 14092013    0    29.0                              280         37    
     87576 14092013    0    27.8      -57.3      -89.3                          
     87576 14092013    0    25.3                              300         31    
     87576 14092013    0    23.3                              295         37    
     87576 14092013    0    22.5      -50.7      -84.7                          
     87576 14092013    0    21.9                              310         35    
     87576 14092013    0    20.0                              285         37    
     87576 14092013    0    15.9                              280         41    
     87576 14092013    0    14.6      -54.3      -87.3                          
     87576 14092013    0    13.4                              305         37    
     87576 14092013    0    13.2      -53.7      -86.7                          
     87576 14092013    0    12.0                              295         45    
     87576 14092013    0    11.5      -43.5      -79.5                          
     87576 14092013    0    11.3      -43.9      -79.9        285         36    
