     87576 15092013    0  1021.0        9.2        3.2        140         14    
     87576 15092013    0   964.0        4.8        1.7                          
     87576 15092013    0   961.0                              140         32    
     87576 15092013    0   899.0        1.6        1.2                          
     87576 15092013    0   891.0                              130         22    
     87576 15092013    0   839.0        1.8       -5.2        105         11    
     87576 15092013    0   829.0          3        -13                          
     87576 15092013    0   816.0        3.8       -7.2                          
     87576 15092013    0   779.0                                0          0    
     87576 15092013    0   734.0       -1.1       -4.5                          
     87576 15092013    0   729.0        -.7       -6.7                          
     87576 15092013    0   723.0                              290         10    
     87576 15092013    0   686.0                              335         16    
     87576 15092013    0   672.0                              335         17    
     87576 15092013    0   661.0       -6.3       -8.2        335         16    
     87576 15092013    0   651.0                              305         10    
     87576 15092013    0   650.0       -5.7      -13.7                          
     87576 15092013    0   649.0       -5.9      -13.9                          
     87576 15092013    0   638.0                              285          6    
     87576 15092013    0   636.0       -4.1      -24.1                          
     87576 15092013    0   551.0                              285         48    
     87576 15092013    0   546.0      -11.3      -33.3                          
     87576 15092013    0   527.0                              290         42    
     87576 15092013    0   448.0      -22.5      -38.5                          
     87576 15092013    0   424.0      -26.1      -32.1                          
     87576 15092013    0   417.0      -26.5      -30.3                          
     87576 15092013    0   385.0      -29.7      -33.5                          
     87576 15092013    0   378.0                              320         84    
     87576 15092013    0   352.0      -35.1      -37.4                          
     87576 15092013    0   347.0                              320         79    
     87576 15092013    0   290.0                              320         83    
     87576 15092013    0   287.0      -47.7      -52.7                          
     87576 15092013    0   284.0      -46.9      -61.9                          
     87576 15092013    0   282.0      -46.9      -61.9                          
     87576 15092013    0   260.0                              320        116    
     87576 15092013    0   253.0      -47.9      -65.9                          
     87576 15092013    0   209.0                              330        106    
     87576 15092013    0   206.0      -58.1      -75.1                          
     87576 15092013    0   198.0      -53.5      -80.5                          
     87576 15092013    0   192.0                              325        119    
     87576 15092013    0   158.0      -60.9      -83.9                          
     87576 15092013    0   140.0                              295        104    
     87576 15092013    0   110.0                              300         92    
     87576 15092013    0   100.0      -63.7      -90.7        290         74    
     87576 15092013    0    98.3      -62.1      -90.1                          
     87576 15092013    0    93.3                              285         64    
     87576 15092013    0    85.7                              300         60    
     87576 15092013    0    82.2      -65.5      -92.5                          
     87576 15092013    0    76.8                              285         64    
     87576 15092013    0    68.8      -60.5      -90.5                          
     87576 15092013    0    62.8      -60.9      -90.9                          
     87576 15092013    0    60.9                              295         47    
     87576 15092013    0    58.8                              305         51    
     87576 15092013    0    55.2      -67.5      -94.5                          
     87576 15092013    0    45.2                              290         65    
     87576 15092013    0    39.7                              300         58    
     87576 15092013    0    26.9      -54.1      -87.1                          
     87576 15092013    0    24.4      -55.3      -87.3                          
     87576 15092013    0    23.1                              270         59    
     87576 15092013    0    20.5                              295         52    
     87576 15092013    0    19.2      -50.5      -84.5                          
     87576 15092013    0    17.0                              305         54    
     87576 15092013    0    16.7      -53.1      -86.1                          
     87576 15092013    0    15.2                              270         65    
     87576 15092013    0    12.2                              275         62    
     87576 15092013    0    11.9      -38.5      -75.5        290         54    
