     87576 17092013    0  1014.0        6.4        4.7        160         29    
     87576 17092013    0  1008.0                              180         21    
     87576 17092013    0   977.0          3        2.6                          
     87576 17092013    0   965.0                              170         37    
     87576 17092013    0   896.0                              145         33    
     87576 17092013    0   879.0        -.3        -.7                          
     87576 17092013    0   854.0        -.3        -.8                          
     87576 17092013    0   831.0                              155         27    
     87576 17092013    0   763.0                              195         29    
     87576 17092013    0   710.0                              170         24    
     87576 17092013    0   673.0                              185         24    
     87576 17092013    0   649.0                              165         14    
     87576 17092013    0   638.0      -11.9      -13.9                          
     87576 17092013    0   636.0                              190         10    
     87576 17092013    0   582.0                              325          2    
     87576 17092013    0   541.0      -20.3      -22.8                          
     87576 17092013    0   511.0                              315         10    
     87576 17092013    0   501.0      -24.5      -25.6                          
     87576 17092013    0   499.0      -24.5      -26.6                          
     87576 17092013    0   494.0                              315         15    
     87576 17092013    0   477.0      -27.3      -29.6                          
     87576 17092013    0   471.0                              345         14    
     87576 17092013    0   466.0      -29.1      -36.1                          
     87576 17092013    0   438.0                              350         10    
     87576 17092013    0   423.0      -34.1      -36.4                          
     87576 17092013    0   416.0                               30          8    
     87576 17092013    0   395.0                               65         19    
     87576 17092013    0   379.0      -40.5      -44.7                          
     87576 17092013    0   377.0                               55         29    
     87576 17092013    0   358.0                               65         35    
     87576 17092013    0   339.0      -45.7      -49.1                          
     87576 17092013    0   337.0      -45.5      -52.5                          
     87576 17092013    0   336.0                               55         43    
     87576 17092013    0   332.0      -46.1      -61.1                          
     87576 17092013    0   303.0                               35         30    
     87576 17092013    0   302.0      -50.7      -82.7                          
     87576 17092013    0   282.0                                5         34    
     87576 17092013    0   258.0      -52.5      -82.5                          
     87576 17092013    0   242.0                              330         50    
     87576 17092013    0   228.0                              335         62    
     87576 17092013    0   177.0      -49.5      -83.5                          
     87576 17092013    0   175.0                              285         45    
     87576 17092013    0   168.0                              295         36    
     87576 17092013    0   164.0                              305         40    
     87576 17092013    0   155.0      -52.9      -85.9                          
     87576 17092013    0   127.0                              295         70    
     87576 17092013    0   120.0      -55.9      -87.9                          
     87576 17092013    0   109.0                              290         76    
     87576 17092013    0   100.0      -53.3      -86.3        290         66    
     87576 17092013    0    94.5                              285         62    
     87576 17092013    0    82.3                              310         42    
     87576 17092013    0    78.6                              290         41    
     87576 17092013    0    76.5      -55.7      -87.7                          
     87576 17092013    0    70.0                              320         53    
     87576 17092013    0    60.7      -67.1      -96.1                          
     87576 17092013    0    58.0                              290         72    
     87576 17092013    0    52.1                              275         62    
     87576 17092013    0    49.2                              290         57    
     87576 17092013    0    47.5                              300         59    
     87576 17092013    0    44.3      -61.1      -92.1                          
     87576 17092013    0    44.0                              290         71    
     87576 17092013    0    42.9      -56.9      -88.9                          
     87576 17092013    0    41.2      -57.3      -89.3                          
     87576 17092013    0    41.1                              280         61    
     87576 17092013    0    39.6      -53.7      -86.7                          
     87576 17092013    0    37.3                              285         59    
     87576 17092013    0    35.5      -52.1      -85.1                          
     87576 17092013    0    34.4                              315         70    
     87576 17092013    0    30.2                              305         59    
     87576 17092013    0    29.5                              310         57    
     87576 17092013    0    28.6      -58.7      -89.7                          
     87576 17092013    0    28.4                              315         60    
     87576 17092013    0    23.2      -56.7      -88.7                          
     87576 17092013    0    21.4                              285         79    
     87576 17092013    0    20.2      -49.9      -83.9                          
     87576 17092013    0    18.3      -44.7      -80.7                          
     87576 17092013    0    17.2                              285         61    
     87576 17092013    0    16.4                              300         57    
     87576 17092013    0    15.7      -41.7      -77.7                          
     87576 17092013    0    13.9                              295         62    
     87576 17092013    0    13.8      -44.3      -80.3                          
