     87576 01092013   12  1011.0       13.4        9.3        140          4    
     87576 01092013   12  1009.0       10.6        7.4                          
     87576 01092013   12  1008.0       10.6        7.7                          
     87576 01092013   12  1005.0         11        8.7                          
     87576 01092013   12   998.0       19.4        9.4                          
     87576 01092013   12   987.0         21          7                          
     87576 01092013   12   944.0       20.6         .6                          
     87576 01092013   12   887.0                              180         12    
     87576 01092013   12   866.0                              165         13    
     87576 01092013   12   857.0       14.6        -.4                          
     87576 01092013   12   832.0                              175         11    
     87576 01092013   12   827.0       11.8       -1.2                          
     87576 01092013   12   808.0                              215          9    
     87576 01092013   12   804.0                              225         10    
     87576 01092013   12   777.0       11.2      -15.8                          
     87576 01092013   12   731.0                              220         26    
     87576 01092013   12   663.0        -.7      -18.7                          
     87576 01092013   12   603.0       -6.1      -25.1                          
     87576 01092013   12   586.0       -5.3      -41.3                          
     87576 01092013   12   578.0                              250         47    
     87576 01092013   12   562.0                              255         41    
     87576 01092013   12   551.0       -8.3      -48.3                          
     87576 01092013   12   510.0                              255         38    
     87576 01092013   12   485.0                              245         34    
     87576 01092013   12   464.0      -20.7      -43.7                          
     87576 01092013   12   432.0      -23.3      -53.3                          
     87576 01092013   12   425.0                              225         46    
     87576 01092013   12   366.0                              230         44    
     87576 01092013   12   348.0                              255         45    
     87576 01092013   12   324.0      -40.9      -60.9                          
     87576 01092013   12   290.0                              270         57    
     87576 01092013   12   281.0      -49.7      -58.7                          
     87576 01092013   12   236.0                              260         69    
     87576 01092013   12   225.0      -60.3      -66.3                          
     87576 01092013   12   217.0      -56.1      -78.1                          
     87576 01092013   12   216.0                              270         51    
     87576 01092013   12   209.0      -57.7      -76.7                          
     87576 01092013   12   195.0      -52.7      -80.7                          
     87576 01092013   12   189.0                              300         63    
     87576 01092013   12   177.0      -57.1      -81.1                          
     87576 01092013   12   171.0                              280         83    
     87576 01092013   12   154.0                              270         81    
     87576 01092013   12   145.0                              260         68    
     87576 01092013   12   141.0      -60.5      -85.5                          
     87576 01092013   12   136.0                              270         50    
     87576 01092013   12   133.0      -58.5      -85.5                          
     87576 01092013   12   127.0                              285         53    
     87576 01092013   12   113.0      -63.1      -88.1                          
     87576 01092013   12   108.0                              270         70    
     87576 01092013   12   100.0      -61.9      -87.9        270         42    
     87576 01092013   12    93.9                              295         46    
     87576 01092013   12    88.5                              300         58    
     87576 01092013   12    83.5                              285         60    
     87576 01092013   12    81.0      -67.5      -91.5                          
     87576 01092013   12    74.7                              270         47    
     87576 01092013   12    72.3      -64.5      -90.5                          
     87576 01092013   12    69.8                              290         38    
     87576 01092013   12    63.2                              260         40    
     87576 01092013   12    62.9      -66.5      -93.5                          
     87576 01092013   12    60.7                              275         29    
     87576 01092013   12    59.3      -63.1      -90.1                          
     87576 01092013   12    56.1                              305         34    
     87576 01092013   12    53.7                              305         37    
     87576 01092013   12    53.4      -66.7      -93.7                          
     87576 01092013   12    52.1      -63.1      -91.1                          
     87576 01092013   12    49.3                              270         43    
     87576 01092013   12    47.8      -65.1      -93.1                          
     87576 01092013   12    44.2      -60.5      -90.5                          
     87576 01092013   12    42.1      -62.1      -91.1                          
     87576 01092013   12    40.5                              275         51    
     87576 01092013   12    37.4                              275         47    
     87576 01092013   12    34.8                              305         45    
     87576 01092013   12    32.2                              275         47    
     87576 01092013   12    29.9      -59.5      -89.5                          
     87576 01092013   12    28.4      -56.3      -87.3        285         50    
     87576 01092013   12    26.9                              275         48    
     87576 01092013   12    26.1      -57.1      -87.1                          
     87576 01092013   12    23.7                              280         64    
     87576 01092013   12    18.9                              280         51    
     87576 01092013   12    18.0                              290         48    
     87576 01092013   12    16.6                              305         57    
     87576 01092013   12    15.9                              305         74    
     87576 01092013   12    14.6      -46.5      -81.5        295         77    
     87576 02092013   12  1011.0       14.2        6.2        170          6    
     87576 02092013   12  1008.0       12.8        3.8                          
     87576 02092013   12   999.0       12.4        4.4                          
     87576 02092013   12   997.0                              135         10    
     87576 02092013   12   984.0       12.4        3.4                          
     87576 02092013   12   975.0       14.8         .8        110         27    
     87576 02092013   12   954.0                               90         21    
     87576 02092013   12   929.0                               90         14    
     87576 02092013   12   914.0       13.2        8.8                          
     87576 02092013   12   913.0                               80         10    
     87576 02092013   12   891.0       13.2        7.2                          
     87576 02092013   12   884.0       13.4         .4                          
     87576 02092013   12   875.0       13.2       -7.8                          
     87576 02092013   12   869.0                              360          1    
     87576 02092013   12   840.0                              320         10    
     87576 02092013   12   813.0                              330         16    
     87576 02092013   12   796.0                              305         19    
     87576 02092013   12   791.0        9.6      -10.4                          
     87576 02092013   12   790.0                              295         19    
     87576 02092013   12   757.0                              285         18    
     87576 02092013   12   740.0                              300         18    
     87576 02092013   12   703.0                              285         23    
     87576 02092013   12   638.0                              295         31    
     87576 02092013   12   630.0       -5.1      -18.1                          
     87576 02092013   12   611.0       -7.3      -16.3                          
     87576 02092013   12   600.0       -8.5      -11.2                          
     87576 02092013   12   587.0      -10.1      -13.1                          
     87576 02092013   12   572.0                              270         35    
     87576 02092013   12   569.0      -11.5        -13                          
     87576 02092013   12   547.0      -13.5      -18.5                          
     87576 02092013   12   539.0      -14.3      -15.9                          
     87576 02092013   12   527.0                              265         31    
     87576 02092013   12   496.0                              280         41    
     87576 02092013   12   436.0                              285         51    
     87576 02092013   12   424.0      -27.7      -33.7                          
     87576 02092013   12   404.0      -30.7      -34.4                          
     87576 02092013   12   401.0      -30.7      -38.7                          
     87576 02092013   12   393.0                              275         42    
     87576 02092013   12   362.0                              250         44    
     87576 02092013   12   358.0      -36.3      -49.3                          
     87576 02092013   12   283.0                              255         38    
     87576 02092013   12   281.0      -50.9      -53.8                          
     87576 02092013   12   268.0      -53.9      -59.9                          
     87576 02092013   12   252.0                              270         35    
     87576 02092013   12   243.0      -59.7      -64.7                          
     87576 02092013   12   233.0                              300         43    
     87576 02092013   12   229.0      -57.1      -66.1                          
     87576 02092013   12   217.0      -59.7      -68.7        285         45    
     87576 02092013   12   196.0                              255         73    
     87576 02092013   12   191.0      -51.7      -77.7                          
     87576 02092013   12   183.0                              280         52    
     87576 02092013   12   172.0                              285         63    
     87576 02092013   12   161.0                              280         54    
     87576 02092013   12   152.0                              275         70    
     87576 02092013   12   136.0                              260         65    
     87576 02092013   12   121.0      -61.1      -84.1                          
     87576 02092013   12   100.0      -60.7      -84.7        280         46    
     87576 02092013   12    92.6                              265         40    
     87576 02092013   12    90.0                              280         35    
     87576 02092013   12    85.9                              295         40    
     87576 02092013   12    81.7                              290         55    
     87576 02092013   12    71.5                              285         50    
     87576 02092013   12    68.5      -65.7      -88.7                          
     87576 02092013   12    66.7                              270         47    
     87576 02092013   12    62.4      -62.7      -86.7                          
     87576 02092013   12    62.3                              265         44    
     87576 02092013   12    57.1                              285         47    
     87576 02092013   12    56.1      -66.1      -89.1                          
     87576 02092013   12    54.1                              270         48    
     87576 02092013   12    44.2                              285         43    
     87576 02092013   12    42.0                              275         36    
     87576 02092013   12    38.3                              290         40    
     87576 02092013   12    36.1                              270         52    
     87576 02092013   12    35.8      -61.7      -87.7                          
     87576 02092013   12    33.7                              280         45    
     87576 02092013   12    32.1      -56.5      -83.5                          
     87576 02092013   12    31.1                              280         59    
     87576 02092013   12    30.0                              265         51    
     87576 02092013   12    20.8                              285         45    
     87576 02092013   12    19.9      -51.5      -80.5                          
     87576 02092013   12    16.7      -43.3      -75.3                          
     87576 02092013   12    16.3                              305         77    
     87576 02092013   12    15.0      -46.7      -76.7                          
     87576 02092013   12    13.3                              295         90    
     87576 02092013   12    12.1      -40.3      -73.3                          
     87576 02092013   12    11.1      -42.5      -73.5        305         86    
     87576 03092013   12  1022.0        8.6        3.6        200          8    
     87576 03092013   12  1021.0          7          2                          
     87576 03092013   12   988.0                              180         27    
     87576 03092013   12   939.0                              175         20    
     87576 03092013   12   938.0        2.6         .1                          
     87576 03092013   12   908.0          1         -3                          
     87576 03092013   12   830.0       -1.3      -18.3                          
     87576 03092013   12   819.0                              190         32    
     87576 03092013   12   778.0       -3.5      -28.5                          
     87576 03092013   12   764.0       -3.1      -34.1                          
     87576 03092013   12   757.0                              220         35    
     87576 03092013   12   732.0       -4.7      -42.7                          
     87576 03092013   12   698.0                              225         42    
     87576 03092013   12   686.0       -8.5      -48.5                          
     87576 03092013   12   644.0                              235         65    
     87576 03092013   12   631.0       -8.3      -55.3                          
     87576 03092013   12   622.0                              250         66    
     87576 03092013   12   608.0       -5.9      -53.9                          
     87576 03092013   12   607.0                              260         62    
     87576 03092013   12   512.0                              250         57    
     87576 03092013   12   495.0      -19.3      -44.3                          
     87576 03092013   12   486.0      -20.5      -31.5                          
     87576 03092013   12   482.0      -20.9        -25                          
     87576 03092013   12   455.0      -23.5      -31.5                          
     87576 03092013   12   444.0      -24.5      -29.5                          
     87576 03092013   12   430.0      -25.9      -34.9                          
     87576 03092013   12   394.0      -31.7      -39.7                          
     87576 03092013   12   380.0      -33.1      -44.1                          
     87576 03092013   12   355.0      -36.7      -45.7                          
     87576 03092013   12   346.0                              265         70    
     87576 03092013   12   321.0      -41.7      -63.7                          
     87576 03092013   12   246.0      -58.3      -70.3                          
     87576 03092013   12   243.0                              240         52    
     87576 03092013   12   230.0                              245         44    
     87576 03092013   12   221.0                              260         52    
     87576 03092013   12   220.0      -62.5      -73.5                          
     87576 03092013   12   213.0                              250         61    
     87576 03092013   12   207.0      -57.1      -81.1        250         56    
     87576 03092013   12   179.0                              260         58    
     87576 03092013   12   170.0      -60.1      -85.1        275         59    
     87576 03092013   12   154.0                              265         73    
     87576 03092013   12   153.0      -58.9      -86.9                          
     87576 03092013   12   145.0      -55.3      -85.3                          
     87576 03092013   12   143.0                              285         78    
     87576 03092013   12   123.0                              260         84    
     87576 03092013   12   117.0                              245         70    
     87576 03092013   12   108.0                              250         44    
     87576 03092013   12   100.0      -61.5      -88.5        270         64    
     87576 04092013   12  1026.0          6        1.1         90          4    
     87576 04092013   12  1011.0        4.6         .8                          
     87576 04092013   12   999.0        6.2        3.8                          
     87576 04092013   12   985.0                               10         10    
     87576 04092013   12   961.0                               15         12    
     87576 04092013   12   959.0          4        2.7                          
     87576 04092013   12   950.0                               30         10    
     87576 04092013   12   938.0        3.6       -2.4                          
     87576 04092013   12   886.0         .2       -3.8                          
     87576 04092013   12   861.0        1.8      -21.2                          
     87576 04092013   12   857.0        1.8      -20.2                          
     87576 04092013   12   829.0                              230         10    
     87576 04092013   12   770.0          1                                     
     87576 04092013   12   759.0          0        -10                          
     87576 04092013   12   745.0                              235         26    
     87576 04092013   12   744.0        -.9      -16.9                          
     87576 04092013   12   740.0        -.9      -31.9                          
     87576 04092013   12   711.0                              225         25    
     87576 04092013   12   706.0       -2.9       -7.1                          
     87576 04092013   12   691.0                              245         27    
     87576 04092013   12   676.0       -4.7       -5.6                          
     87576 04092013   12   663.0       -5.1       -7.6                          
     87576 04092013   12   615.0                              230         31    
     87576 04092013   12   592.0      -12.3      -12.5                          
     87576 04092013   12   589.0       -8.9      -10.7                          
     87576 04092013   12   581.0                              250         31    
     87576 04092013   12   579.0       -8.5      -17.5                          
     87576 04092013   12   541.0                              235         33    
     87576 04092013   12   530.0      -12.1      -24.1                          
     87576 04092013   12   480.0                              260         35    
     87576 04092013   12   434.0                              260         45    
     87576 04092013   12   411.0                              255         39    
     87576 04092013   12   401.0      -28.9      -32.7                          
     87576 04092013   12   375.0                              240         42    
     87576 04092013   12   367.0      -32.5      -39.5                          
     87576 04092013   12   329.0      -39.5      -44.4                          
     87576 04092013   12   325.0      -39.9      -48.9                          
     87576 04092013   12   302.0      -44.5      -48.9                          
     87576 04092013   12   297.0      -45.1      -55.1                          
     87576 04092013   12   287.0                              255         49    
     87576 04092013   12   282.0      -48.3      -54.3                          
     87576 04092013   12   272.0      -49.5      -69.5                          
     87576 04092013   12   257.0      -52.5      -73.5                          
     87576 04092013   12   201.0                              235         49    
     87576 04092013   12   186.0      -69.7      -76.7                          
     87576 04092013   12   176.0      -69.9      -75.9                          
     87576 04092013   12   174.0                              260         76    
     87576 04092013   12   164.0                              250         83    
     87576 04092013   12   163.0      -63.5      -83.5                          
     87576 04092013   12   153.0      -62.5      -85.5        245         69    
     87576 04092013   12   111.0                              255         63    
     87576 04092013   12   100.0      -63.7      -89.7        260         72    
     87576 04092013   12    88.0                              270         56    
     87576 04092013   12    86.2      -59.3      -87.3                          
     87576 04092013   12    82.2                              260         48    
     87576 04092013   12    75.6      -64.1      -91.1                          
     87576 04092013   12    64.5                              275         67    
     87576 04092013   12    64.3      -63.9      -91.9                          
     87576 04092013   12    57.7      -58.9      -88.9                          
     87576 04092013   12    50.2      -60.3      -91.3                          
     87576 04092013   12    49.3      -57.7      -89.7                          
     87576 04092013   12    48.7                              255         54    
     87576 04092013   12    44.9      -58.1      -89.1                          
     87576 04092013   12    44.5                              280         55    
     87576 04092013   12    41.1                              270         39    
     87576 04092013   12    40.4      -53.1      -86.1                          
     87576 04092013   12    39.1                              290         31    
     87576 04092013   12    37.0                              310         39    
     87576 04092013   12    32.0      -61.5      -91.5                          
     87576 04092013   12    31.4                              300         48    
     87576 04092013   12    28.9                              280         62    
     87576 04092013   12    27.1      -57.9      -89.9                          
     87576 04092013   12    26.7                              270         65    
     87576 04092013   12    25.2      -51.5      -84.5                          
     87576 04092013   12    24.0                              295         70    
     87576 04092013   12    21.0      -55.5      -87.5                          
     87576 04092013   12    19.2                              290         78    
     87576 04092013   12    14.1      -43.1      -79.1                          
     87576 04092013   12    13.1                              300         89    
     87576 04092013   12    11.2      -47.1      -82.1                          
     87576 04092013   12    10.8      -44.3      -80.3        295         84    
     87576 05092013   12  1019.0       12.4        5.4         50          8    
     87576 05092013   12   985.0        9.8        4.8                          
     87576 05092013   12   961.0                              360         32    
     87576 05092013   12   956.0         12         -4                          
     87576 05092013   12   942.0       11.4       -8.6                          
     87576 05092013   12   925.0       11.8      -34.2                          
     87576 05092013   12   893.0       11.8      -35.2                          
     87576 05092013   12   888.0       11.4       -5.6                          
     87576 05092013   12   877.0       11.2       -1.8                          
     87576 05092013   12   766.0                              320         26    
     87576 05092013   12   710.0         .8         .3                          
     87576 05092013   12   694.0         .2         -3                          
     87576 05092013   12   678.0                              330         21    
     87576 05092013   12   647.0                              325         20    
     87576 05092013   12   622.0       -7.5       -7.5                          
     87576 05092013   12   613.0       -5.3      -16.3                          
     87576 05092013   12   608.0       -4.9      -20.9                          
     87576 05092013   12   573.0                              295         28    
     87576 05092013   12   547.0                              305         27    
     87576 05092013   12   523.0      -15.1      -23.1                          
     87576 05092013   12   490.0      -18.3      -26.3                          
     87576 05092013   12   468.0      -20.3      -42.3                          
     87576 05092013   12   466.0                              270         40    
     87576 05092013   12   459.0      -21.1      -41.1                          
     87576 05092013   12   398.0                              285         52    
     87576 05092013   12   395.0      -30.5      -46.5                          
     87576 05092013   12   349.0      -38.7      -42.5                          
     87576 05092013   12   336.0      -40.7      -43.2                          
     87576 05092013   12   255.0                              260         72    
     87576 05092013   12   243.0      -58.7      -66.7                          
     87576 05092013   12   215.0                              280         63    
     87576 05092013   12   197.0      -65.5      -70.5                          
     87576 05092013   12   189.0                              260         81    
     87576 05092013   12   186.0      -61.3      -78.3                          
     87576 05092013   12   174.0      -59.1      -81.1                          
     87576 05092013   12   168.0                              265         54    
     87576 05092013   12   159.0      -61.7      -83.7                          
     87576 05092013   12   155.0                              275         61    
     87576 05092013   12   152.0      -57.9      -81.9                          
     87576 05092013   12   127.0                              270         83    
     87576 05092013   12   116.0                              255         63    
     87576 05092013   12   110.0      -62.7      -85.7                          
     87576 05092013   12   100.0      -61.5      -84.5        255         57    
     87576 05092013   12    95.2                              265         51    
     87576 05092013   12    84.5                              265         54    
     87576 05092013   12    82.7      -61.3      -85.3                          
     87576 05092013   12    76.7                              285         64    
     87576 05092013   12    69.2                              265         66    
     87576 05092013   12    68.7      -66.7      -89.7                          
     87576 05092013   12    66.9                              260         63    
     87576 05092013   12    65.4      -59.7      -84.7                          
     87576 05092013   12    56.6      -64.5      -88.5                          
     87576 05092013   12    55.6                              255         62    
     87576 05092013   12    51.7                              260         47    
     87576 05092013   12    46.6                              240         49    
     87576 05092013   12    43.8                              265         38    
     87576 05092013   12    40.9      -58.1      -85.1                          
     87576 05092013   12    39.9                              275         40    
     87576 05092013   12    33.4      -62.5      -88.5                          
     87576 05092013   12    33.3                              255         55    
     87576 05092013   12    30.7                              270         66    
     87576 05092013   12    28.8      -58.9      -85.9                          
     87576 05092013   12    28.1                              280         61    
     87576 05092013   12    26.6                              275         63    
     87576 05092013   12    26.2      -52.7      -81.7                          
     87576 05092013   12    23.8                              290         70    
     87576 05092013   12    22.5      -57.3      -84.3                          
     87576 05092013   12    22.2      -57.5      -84.5        285         65    
     87576 05092013   12    18.8                              275         88    
     87576 05092013   12    18.4      -58.5      -85.5                          
     87576 05092013   12    15.0                              290         98    
     87576 05092013   12    14.6      -45.5      -76.5                          
     87576 05092013   12    13.1      -44.9      -76.9                          
     87576 05092013   12    11.8      -49.1      -79.1        295         97    
     87576 06092013   12  1016.0       11.4          9        140          4    
     87576 06092013   12  1015.0       10.8        8.8                          
     87576 06092013   12  1011.0                               45         10    
     87576 06092013   12  1009.0                               15         13    
     87576 06092013   12  1000.0                                5         14    
     87576 06092013   12   994.0       17.6        6.6                          
     87576 06092013   12   981.0                              355         10    
     87576 06092013   12   947.0       17.4       -5.6                          
     87576 06092013   12   940.0       17.4       -4.6                          
     87576 06092013   12   928.0                               10         11    
     87576 06092013   12   906.0                              330         11    
     87576 06092013   12   875.0         14          3                          
     87576 06092013   12   869.0                              310         10    
     87576 06092013   12   812.0        8.2        6.2                          
     87576 06092013   12   782.0        6.8       -1.2                          
     87576 06092013   12   780.0                               15         10    
     87576 06092013   12   768.0        7.2       -9.8                          
     87576 06092013   12   731.0                              335         10    
     87576 06092013   12   711.0          2        -21                          
     87576 06092013   12   697.0        1.6      -33.4                          
     87576 06092013   12   694.0                                0          0    
     87576 06092013   12   677.0                              215         10    
     87576 06092013   12   649.0                              205         26    
     87576 06092013   12   621.0                              240         25    
     87576 06092013   12   617.0       -3.9      -14.9                          
     87576 06092013   12   603.0                              240         31    
     87576 06092013   12   550.0      -10.1      -20.1                          
     87576 06092013   12   531.0      -11.7      -22.7        260         47    
     87576 06092013   12   509.0      -13.9      -18.2        270         37    
     87576 06092013   12   485.0      -15.1      -22.1        255         32    
     87576 06092013   12   447.0      -20.5      -22.8                          
     87576 06092013   12   399.0      -26.7      -32.7                          
     87576 06092013   12   359.0                              260         59    
     87576 06092013   12   344.0      -35.9      -36.3                          
     87576 06092013   12   334.0                              255         63    
     87576 06092013   12   316.0      -40.3      -43.6                          
     87576 06092013   12   288.0      -46.1      -52.1                          
     87576 06092013   12   275.0      -49.1      -52.7                          
     87576 06092013   12   264.0                              245         51    
     87576 06092013   12   255.0      -52.7      -62.7                          
     87576 06092013   12   188.0      -68.3      -73.2                          
     87576 06092013   12   187.0                              235         66    
     87576 06092013   12   183.0                              230         70    
     87576 06092013   12   177.0      -61.7      -76.7        220         51    
     87576 06092013   12   166.0                              235         31    
     87576 06092013   12   161.0      -64.5      -82.5                          
     87576 06092013   12   156.0                              250         50    
     87576 06092013   12   145.0                              250         62    
     87576 06092013   12   141.0      -59.5      -85.5                          
     87576 06092013   12   132.0                              235         57    
     87576 06092013   12   119.0                              245         38    
     87576 06092013   12   108.0                              270         44    
     87576 06092013   12   100.0      -62.9      -89.9        250         50    
     87576 06092013   12    91.7                              250         40    
     87576 06092013   12    88.8                              265         43    
     87576 06092013   12    87.9      -65.5      -90.5                          
     87576 06092013   12    83.9                              255         56    
     87576 06092013   12    79.1      -63.5      -90.5                          
     87576 06092013   12    78.7                              230         41    
     87576 06092013   12    69.7                              230         30    
     87576 06092013   12    68.9      -65.3      -92.3                          
     87576 06092013   12    67.5                              240         26    
     87576 06092013   12    66.2                              265         23    
     87576 06092013   12    64.6                              285         27    
     87576 06092013   12    60.9                              265         42    
     87576 06092013   12    59.1                              260         38    
     87576 06092013   12    57.2      -61.3      -91.3                          
     87576 06092013   12    56.6                              270         37    
     87576 06092013   12    51.1      -63.3      -93.3                          
     87576 06092013   12    47.9                              230         23    
     87576 06092013   12    44.8                              250         42    
     87576 06092013   12    35.9                              235         23    
     87576 06092013   12    34.0      -55.9      -87.9                          
     87576 06092013   12    33.4                              320         10    
     87576 06092013   12    31.2                              330         21    
     87576 06092013   12    29.7      -61.1      -91.1                          
     87576 06092013   12    28.4                              290         38    
     87576 06092013   12    26.9                              300         23    
     87576 06092013   12    25.5                              270         38    
     87576 06092013   12    23.2                              255         44    
     87576 06092013   12    20.9      -53.7      -86.7                          
     87576 06092013   12    18.9                              270         29    
     87576 06092013   12    18.0                              290         35    
     87576 06092013   12    17.5      -53.3      -86.3                          
     87576 06092013   12    15.2      -56.7      -88.7                          
     87576 06092013   12    13.2      -45.5      -80.5                          
     87576 06092013   12    10.6      -49.7      -83.7                          
     87576 07092013   12  1009.0       17.6       15.9        360          6    
     87576 07092013   12  1005.0                               25         10    
     87576 07092013   12   993.0       16.4       16.2                          
     87576 07092013   12   990.0                               25         14    
     87576 07092013   12   977.0                               25         10    
     87576 07092013   12   953.0                               85         11    
     87576 07092013   12   948.0       18.2       11.2                          
     87576 07092013   12   913.0                               90         12    
     87576 07092013   12   894.0       15.8        7.8                          
     87576 07092013   12   881.0                              130         11    
     87576 07092013   12   837.0                              145         11    
     87576 07092013   12   807.0                              110         12    
     87576 07092013   12   772.0                               95         14    
     87576 07092013   12   762.0                               80         12    
     87576 07092013   12   751.0        6.4        2.8                          
     87576 07092013   12   732.0                               70          2    
     87576 07092013   12   699.0        1.2        1.2                          
     87576 07092013   12   689.0                              345         16    
     87576 07092013   12   663.0                              340         30    
     87576 07092013   12   650.0                              325         30    
     87576 07092013   12   574.0       -5.1       -5.1                          
     87576 07092013   12   568.0                              320         40    
     87576 07092013   12   459.0                              295         28    
     87576 07092013   12   434.0      -18.7      -19.2                          
     87576 07092013   12   407.0      -21.9      -23.5                          
     87576 07092013   12   388.0                              280         43    
     87576 07092013   12   317.0      -36.5      -39.4                          
     87576 07092013   12   299.0                              275         42    
     87576 07092013   12   290.0      -42.1      -46.8                          
     87576 07092013   12   230.0      -56.1      -60.2                          
     87576 07092013   12   197.0                              295         67    
     87576 07092013   12   176.0      -69.5      -74.2                          
     87576 07092013   12   174.0                              275         53    
     87576 07092013   12   167.0                              250         50    
     87576 07092013   12   165.0      -62.9      -78.9                          
     87576 07092013   12   162.0                              255         48    
     87576 07092013   12   152.0      -66.1      -82.1                          
     87576 07092013   12   137.0      -63.3      -81.3                          
     87576 07092013   12   136.0                              250         60    
     87576 07092013   12   133.0      -57.9      -79.9                          
     87576 07092013   12   131.0                              235         47    
     87576 07092013   12   129.0      -57.5      -81.5        240         38    
     87576 07092013   12   121.0                              275         34    
     87576 07092013   12   119.0                              280         35    
     87576 07092013   12   110.0                              260         37    
     87576 07092013   12   102.0      -63.3      -84.3                          
     87576 07092013   12   100.0      -62.9      -84.9        265         42    
     87576 07092013   12    95.1      -61.3      -85.3                          
     87576 07092013   12    94.9                              250         26    
     87576 07092013   12    88.4                              295         29    
     87576 07092013   12    83.3                              290         25    
     87576 07092013   12    80.3                              285         28    
     87576 07092013   12    75.9                              260         23    
     87576 07092013   12    73.8                              235         18    
     87576 07092013   12    71.1                              235         10    
     87576 07092013   12    69.1                              265          5    
     87576 07092013   12    67.6      -65.7      -88.7                          
     87576 07092013   12    64.8                              300         15    
     87576 07092013   12    63.2                              300         19    
     87576 07092013   12    61.7                              275         26    
     87576 07092013   12    59.9      -60.9      -83.9                          
     87576 07092013   12    57.9                              250         15    
     87576 07092013   12    53.4                              270         19    
     87576 07092013   12    51.4      -60.7      -84.7                          
     87576 07092013   12    49.7                              250         31    
     87576 07092013   12    46.5      -62.1      -85.1                          
     87576 07092013   12    45.0                              220         28    
     87576 07092013   12    44.0      -58.5      -83.5                          
     87576 07092013   12    43.5                              230         17    
     87576 07092013   12    42.6                              215         10    
     87576 07092013   12    41.2                              220          3    
     87576 07092013   12    41.1      -60.1      -85.1                          
     87576 07092013   12    39.8                              275         10    
     87576 07092013   12    38.6                              260         13    
     87576 07092013   12    37.7                              275         12    
     87576 07092013   12    36.6                              240         15    
     87576 07092013   12    36.2                              235         15    
     87576 07092013   12    32.1                              325         23    
     87576 07092013   12    30.7                              335         35    
     87576 07092013   12    29.1      -54.7      -80.7                          
     87576 07092013   12    26.1      -57.7      -86.7                          
     87576 07092013   12    25.8                              255         26    
     87576 07092013   12    24.6                              290         28    
     87576 07092013   12    23.4                              255         25    
     87576 07092013   12    22.5                              295         22    
     87576 07092013   12    21.8      -54.1      -79.1        295         20    
     87576 08092013   12  1015.0       13.4       11.9        270          6    
     87576 08092013   12  1010.0       12.2       11.6                          
     87576 08092013   12   996.0                              225         18    
     87576 08092013   12   990.0                              220         20    
     87576 08092013   12   985.0       15.8        6.8                          
     87576 08092013   12   958.0                              235         17    
     87576 08092013   12   907.0                              205         24    
     87576 08092013   12   883.0                              220         20    
     87576 08092013   12   882.0       10.6      -14.4                          
     87576 08092013   12   867.0         10        -11                          
     87576 08092013   12   850.0                              235         24    
     87576 08092013   12   845.0       10.6      -23.4                          
     87576 08092013   12   811.0                              215         26    
     87576 08092013   12   793.0        8.6                                     
     87576 08092013   12   745.0                              210         43    
     87576 08092013   12   720.0                              225         51    
     87576 08092013   12   717.0        5.6      -25.4                          
     87576 08092013   12   635.0       -2.3      -12.3                          
     87576 08092013   12   603.0                              240         67    
     87576 08092013   12   579.0                              255         63    
     87576 08092013   12   550.0       -8.3      -12.6                          
     87576 08092013   12   538.0                              250         57    
     87576 08092013   12   529.0      -10.9      -12.9                          
     87576 08092013   12   494.0      -14.5      -17.1                          
     87576 08092013   12   488.0      -13.9      -20.9                          
     87576 08092013   12   477.0      -14.9      -22.9                          
     87576 08092013   12   472.0      -14.7      -28.7                          
     87576 08092013   12   406.0      -24.5      -43.5                          
     87576 08092013   12   311.0                              230         73    
     87576 08092013   12   309.0      -42.3      -53.3                          
     87576 08092013   12   266.0      -50.7      -61.7                          
     87576 08092013   12   262.0                              215         96    
     87576 08092013   12   236.0      -55.1      -66.1                          
     87576 08092013   12   233.0                              220         78    
     87576 08092013   12   223.0                              230         84    
     87576 08092013   12   214.0      -54.1      -77.1                          
     87576 08092013   12   207.0                              240         63    
     87576 08092013   12   199.0                              260         56    
     87576 08092013   12   184.0                              255         76    
     87576 08092013   12   167.0                              235         67    
     87576 08092013   12   157.0      -55.3      -81.3        225         44    
     87576 08092013   12   146.0                              240         24    
     87576 08092013   12   136.0                              250         32    
     87576 08092013   12   130.0      -63.3      -85.3                          
     87576 08092013   12   129.0                              240         42    
     87576 08092013   12   126.0      -61.9      -84.9                          
     87576 08092013   12   121.0                              250         26    
     87576 08092013   12   114.0                              275         31    
     87576 08092013   12   109.0      -67.3      -88.3                          
     87576 08092013   12   104.0                              270         47    
     87576 08092013   12   100.0      -63.3      -86.3        270         38    
     87576 08092013   12    95.8                              280         34    
     87576 08092013   12    92.2                              280         38    
     87576 08092013   12    86.4                              275         17    
     87576 08092013   12    81.3      -67.1      -90.1                          
     87576 08092013   12    81.0                              260         14    
     87576 08092013   12    76.7                              265         17    
     87576 08092013   12    69.2                              235         10    
     87576 08092013   12    67.8      -63.7      -88.7                          
     87576 08092013   12    67.4                              270          2    
     87576 08092013   12    64.0      -66.1      -91.1                          
     87576 08092013   12    63.1                              310         11    
     87576 08092013   12    56.7                              260         34    
     87576 08092013   12    52.2                              225         18    
     87576 08092013   12    51.3      -60.3      -87.3                          
     87576 08092013   12    49.8                              190         10    
     87576 08092013   12    48.5                              190          5    
     87576 08092013   12    47.0      -62.1      -89.1                          
     87576 08092013   12    43.8                              295         11    
     87576 08092013   12    42.5      -57.7      -86.7                          
     87576 08092013   12    42.2                              300         13    
     87576 08092013   12    39.4      -59.1      -87.1                          
     87576 08092013   12    35.5                              265         21    
     87576 08092013   12    32.9                              280          8    
     87576 08092013   12    30.9                              290         13    
     87576 08092013   12    30.0                              325         15    
     87576 08092013   12    29.5      -57.9      -85.9                          
     87576 08092013   12    27.2      -53.3      -83.3                          
     87576 08092013   12    26.3                              255         15    
     87576 08092013   12    25.2                              275         16    
     87576 08092013   12    24.1                              245         11    
     87576 08092013   12    23.4                              245         19    
     87576 08092013   12    22.6                              230         12    
     87576 08092013   12    21.8      -52.3      -82.3        245         10    
     87576 08092013   12    21.1                              210         19    
     87576 08092013   12    20.0                              200         13    
     87576 08092013   12    19.5      -53.7      -82.7                          
     87576 08092013   12    18.9                              225         10    
     87576 08092013   12    18.5                              285          2    
     87576 08092013   12    17.0                              355         10    
     87576 08092013   12    16.1                              295         22    
     87576 08092013   12    15.7                              285         29    
     87576 08092013   12    14.9      -48.5      -80.5        300         17    
     87576 09092013   12  1013.0       18.2       11.2         30          6    
     87576 09092013   12  1007.0       17.8       10.8        360         10    
     87576 09092013   12   992.0         18         11                          
     87576 09092013   12   990.0                                5         28    
     87576 09092013   12   982.0         21         11                          
     87576 09092013   12   977.0                              350         34    
     87576 09092013   12   962.0       21.2       16.2                          
     87576 09092013   12   956.0       21.4       14.4                          
     87576 09092013   12   939.0       20.8       14.8                          
     87576 09092013   12   933.0                              310         30    
     87576 09092013   12   932.0         21         14                          
     87576 09092013   12   929.0         22          6                          
     87576 09092013   12   927.0       22.4       10.4                          
     87576 09092013   12   921.0       23.6      -13.4                          
     87576 09092013   12   900.0       22.6      -12.4                          
     87576 09092013   12   848.0                              340         23    
     87576 09092013   12   799.0                              335         19    
     87576 09092013   12   775.0                              340         20    
     87576 09092013   12   743.0       10.2       -6.8                          
     87576 09092013   12   655.0                              255         28    
     87576 09092013   12   630.0        2.8      -16.2                          
     87576 09092013   12   526.0       -9.1      -30.1                          
     87576 09092013   12   510.0      -11.1      -27.1                          
     87576 09092013   12   500.0      -11.7      -20.7                          
     87576 09092013   12   495.0                              240         51    
     87576 09092013   12   483.0      -12.3      -22.3                          
     87576 09092013   12   424.0                              235         45    
     87576 09092013   12   377.0      -27.3      -33.3                          
     87576 09092013   12   341.0      -32.3      -46.3                          
     87576 09092013   12   303.0      -39.9      -52.9                          
     87576 09092013   12   267.0      -47.9      -53.9                          
     87576 09092013   12   261.0      -48.9      -56.9                          
     87576 09092013   12   252.0      -51.1      -56.1                          
     87576 09092013   12   234.0      -55.3      -63.3                          
     87576 09092013   12   233.0                              235         75    
     87576 09092013   12   195.0      -65.7      -70.3                          
     87576 09092013   12   189.0                              235         66    
     87576 09092013   12   183.0      -65.5      -69.3                          
     87576 09092013   12   178.0                              230         83    
     87576 09092013   12   173.0      -64.7      -78.7                          
     87576 09092013   12   165.0                              245         57    
     87576 09092013   12   155.0                              250         65    
     87576 09092013   12   145.0                              240         58    
     87576 09092013   12   140.0      -62.5      -84.5                          
     87576 09092013   12   136.0                              230         37    
     87576 09092013   12   131.0                              245         25    
     87576 09092013   12   123.0                              280         35    
     87576 09092013   12   111.0      -70.3      -88.3                          
     87576 09092013   12   110.0                              265         55    
     87576 09092013   12   100.0      -68.5      -88.5        250         34    
     87576 09092013   12    93.7                              240         32    
     87576 09092013   12    92.3      -69.3      -91.3                          
     87576 09092013   12    89.1                              265         22    
     87576 09092013   12    85.1      -64.7      -89.7        315         15    
     87576 09092013   12    84.5                              325         15    
     87576 09092013   12    78.3                              325         27    
     87576 09092013   12    77.9      -68.7      -92.7                          
     87576 09092013   12    72.4                              265         37    
     87576 09092013   12    71.2                              255         35    
     87576 09092013   12    70.4      -62.1      -90.1                          
     87576 09092013   12    68.3                              250         23    
     87576 09092013   12    67.1                              265         17    
     87576 09092013   12    65.7                              285         19    
     87576 09092013   12    62.9                              260         20    
     87576 09092013   12    56.8                              255         11    
     87576 09092013   12    55.3                              270         13    
     87576 09092013   12    54.7      -58.9      -89.9                          
     87576 09092013   12    52.6                              250         10    
     87576 09092013   12    48.4                              205          2    
     87576 09092013   12    43.2                              300         10    
     87576 09092013   12    42.4      -61.5      -91.5                          
     87576 09092013   12    42.1                              280         17    
     87576 09092013   12    41.1                              275         10    
     87576 09092013   12    39.7                              265          2    
     87576 09092013   12    37.1                                5         10    
     87576 09092013   12    35.2                              285         11    
     87576 09092013   12    33.6                              285         14    
     87576 09092013   12    32.5                              250         12    
     87576 09092013   12    29.9      -55.3      -87.3        295         10    
     87576 09092013   12    28.2                              305         21    
     87576 09092013   12    28.1      -56.7      -88.7                          
     87576 09092013   12    26.2                              295         18    
     87576 09092013   12    24.1      -52.1      -85.1                          
     87576 09092013   12    19.7      -54.3      -87.3                          
     87576 09092013   12    17.2      -54.3      -87.3                          
     87576 09092013   12    13.9      -47.7      -82.7                          
     87576 09092013   12    12.8      -50.7      -84.7                          
     87576 09092013   12    10.8      -52.1      -85.1                          
     87576 09092013   12    10.4      -51.3      -84.3                          
     87576 10092013   12  1007.0         24         16        360         14    
     87576 10092013   12   999.0                              340         28    
     87576 10092013   12   977.0                              335         46    
     87576 10092013   12   957.0       23.4       13.4                          
     87576 10092013   12   949.0       25.8       12.8                          
     87576 10092013   12   943.0                              315         62    
     87576 10092013   12   937.0       26.4       11.4                          
     87576 10092013   12   911.0       26.4        6.4                          
     87576 10092013   12   860.0                              305         41    
     87576 10092013   12   824.0       19.6       -2.4                          
     87576 10092013   12   786.0                              315         49    
     87576 10092013   12   724.0                              305         34    
     87576 10092013   12   713.0       14.2      -20.8                          
     87576 10092013   12   655.0                              300         38    
     87576 10092013   12   624.0                              315         40    
     87576 10092013   12   576.0                              300         43    
     87576 10092013   12   484.0      -11.7      -29.7                          
     87576 10092013   12   469.0                              315         38    
     87576 10092013   12   361.0      -30.5      -37.5                          
     87576 10092013   12   342.0                              270         54    
     87576 10092013   12   335.0      -33.5      -44.5                          
     87576 10092013   12   314.0      -36.7      -47.7                          
     87576 10092013   12   271.0      -46.3      -49.4                          
     87576 10092013   12   258.0      -48.7        -53                          
     87576 10092013   12   233.0      -54.5      -55.9                          
     87576 10092013   12   232.0                              285         66    
     87576 10092013   12   224.0      -55.9      -62.9                          
     87576 10092013   12   220.0      -56.7      -61.1                          
     87576 10092013   12   206.0      -60.1      -68.1                          
     87576 10092013   12   178.0      -67.3      -71.4                          
     87576 10092013   12   175.0      -67.7      -73.7                          
     87576 10092013   12   171.0                              280         56    
     87576 10092013   12   159.0      -69.3      -77.3                          
     87576 10092013   12   150.0      -69.5      -80.5                          
     87576 10092013   12   149.0                              260         84    
     87576 10092013   12   139.0      -64.7      -81.7        265         48    
     87576 10092013   12   128.0                              270         55    
     87576 10092013   12   118.0      -70.1      -87.1                          
     87576 10092013   12   113.0                              250         48    
     87576 10092013   12   107.0                              265         32    
     87576 10092013   12   104.0      -66.3      -87.3                          
     87576 10092013   12   100.0      -67.7      -88.7        260         26    
     87576 10092013   12    92.7      -69.3      -90.3                          
     87576 10092013   12    90.4                              250         22    
     87576 10092013   12    85.7                              280         20    
     87576 10092013   12    82.9                              255         10    
     87576 10092013   12    81.7                              285          6    
     87576 10092013   12    80.5                              335         11    
     87576 10092013   12    73.5                              290         24    
     87576 10092013   12    70.6                              290         30    
     87576 10092013   12    66.0                              255         27    
     87576 10092013   12    61.0                              225         25    
     87576 10092013   12    57.3                              235         26    
     87576 10092013   12    54.8                              225         13    
     87576 10092013   12    53.6      -58.9      -89.9                          
     87576 10092013   12    52.0                              265          2    
     87576 10092013   12    49.0      -61.5      -91.5                          
     87576 10092013   12    44.7      -57.9      -89.9                          
     87576 10092013   12    44.4                              350         10    
     87576 10092013   12    41.7                              305         15    
     87576 10092013   12    38.7                              330         14    
     87576 10092013   12    35.1                              275         19    
     87576 10092013   12    34.1      -56.5      -88.5                          
     87576 10092013   12    32.6                              290         10    
     87576 10092013   12    32.2      -58.1      -89.1                          
     87576 10092013   12    31.0                              245         14    
     87576 10092013   12    30.4      -54.7      -86.7        290          7    
     87576 10092013   12    29.8                              320         10    
     87576 10092013   12    27.6                              300         23    
     87576 10092013   12    26.0                              260         22    
     87576 10092013   12    25.2                              265         24    
     87576 10092013   12    25.0      -57.3      -89.3                          
     87576 10092013   12    23.8                              270         15    
     87576 10092013   12    22.6                              230         10    
     87576 10092013   12    22.5      -52.5      -85.5                          
     87576 10092013   12    21.8                              155         10    
     87576 10092013   12    20.5      -54.7      -86.7                          
     87576 10092013   12    20.1                              190         14    
     87576 10092013   12    19.6                              175         11    
     87576 10092013   12    17.3                              225          1    
     87576 10092013   12    16.1                              295         10    
     87576 10092013   12    15.5                              275         12    
     87576 10092013   12    14.1                               10          4    
     87576 10092013   12    13.7      -52.5      -85.5        305         15    
     87576 11092013   12  1006.0       17.8         14        190          6    
     87576 11092013   12  1003.0       15.8       12.6                          
     87576 11092013   12   995.0       15.2       13.4                          
     87576 11092013   12   991.0       15.2       13.5                          
     87576 11092013   12   984.0                               60          1    
     87576 11092013   12   979.0       22.6       15.6                          
     87576 11092013   12   976.0                              350         10    
     87576 11092013   12   960.0       23.4       13.4                          
     87576 11092013   12   947.0                              330         24    
     87576 11092013   12   945.0       22.8       11.8                          
     87576 11092013   12   906.0       23.4        9.4                          
     87576 11092013   12   898.0       24.8        8.8        320         57    
     87576 11092013   12   738.0       12.2        3.2                          
     87576 11092013   12   719.0                              310         25    
     87576 11092013   12   658.0                              310         27    
     87576 11092013   12   638.0        1.2       -1.1                          
     87576 11092013   12   634.0        1.2       -3.5                          
     87576 11092013   12   631.0          3        -14                          
     87576 11092013   12   626.0        3.4      -22.6                          
     87576 11092013   12   614.0                              325         43    
     87576 11092013   12   564.0        -.9      -33.9                          
     87576 11092013   12   556.0                              305         44    
     87576 11092013   12   486.0                              315         54    
     87576 11092013   12   453.0                              305         56    
     87576 11092013   12   389.0      -24.3      -47.3                          
     87576 11092013   12   379.0      -25.3      -43.3                          
     87576 11092013   12   326.0      -33.9      -51.9                          
     87576 11092013   12   305.0                              310         67    
     87576 11092013   12   293.0      -40.7      -53.7                          
     87576 11092013   12   281.0      -43.5      -49.5                          
     87576 11092013   12   266.0      -45.9      -48.9                          
     87576 11092013   12   258.0                              290         72    
     87576 11092013   12   220.0      -56.7      -63.7                          
     87576 11092013   12   196.0      -59.7      -72.7                          
     87576 11092013   12   195.0                              295         76    
     87576 11092013   12   180.0      -62.7      -77.7                          
     87576 11092013   12   155.0                              265         67    
     87576 11092013   12   141.0      -64.1      -84.1                          
     87576 11092013   12   138.0                              285         59    
     87576 11092013   12   113.0                              280         54    
     87576 11092013   12   111.0      -69.7      -88.7                          
     87576 11092013   12   107.0                              255         42    
     87576 11092013   12   100.0      -67.3      -89.3        275         31    
