     87576 24092013    0  1028.0   9.6   -.4   170    2                                             
     87576 24092013    0  1019.0  11.0    .0                93                                      
     87576 24092013    0  1016.0               150   15                                             
     87576 24092013    0   822.0  -4.5  -6.1              1834                                      
     87576 24092013    0   813.0               175   14                                             
     87576 24092013    0   799.0               165   14                                             
     87576 24092013    0   742.0               190   16                                             
     87576 24092013    0   719.0 -10.5 -19.5              2876                                      
     87576 24092013    0   711.0 -10.3 -21.3              2962                                      
     87576 24092013    0   700.0               155   19                                             
     87576 24092013    0   683.0               180   20                                             
     87576 24092013    0   659.0               175   21                                             
     87576 24092013    0   645.0               195   19                                             
     87576 24092013    0   636.0 -17.3 -25.3              3808                                      
     87576 24092013    0   616.0               175   16                                             
     87576 24092013    0   598.0 -20.3 -35.3              4267                                      
     87576 24092013    0   579.0               170   21                                             
     87576 24092013    0   570.0 -22.7 -28.7              4620                                      
     87576 24092013    0   566.0 -22.5 -29.5              4671                                      
     87576 24092013    0   562.0 -21.9 -47.9              4723                                      
     87576 24092013    0   553.0               145   25                                             
     87576 24092013    0   496.0 -27.1 -39.1              5632                                      
     87576 24092013    0   494.0               165   32                                             
     87576 24092013    0   493.0 -27.3 -46.3              5675                                      
     87576 24092013    0   488.0 -27.7 -44.7              5748                                      
     87576 24092013    0   432.0 -34.9 -37.0              6611                                      
     87576 24092013    0   399.0               145   42                                             
     87576 24092013    0   387.0 -40.9 -44.3              7368                                      
     87576 24092013    0   384.0 -40.9 -49.9              7420                                      
     87576 24092013    0   369.0               150   35                                             
     87576 24092013    0   368.0 -42.9 -59.9              7708                                      
     87576 24092013    0   361.0 -41.9 -69.9              7837                                      
     87576 24092013    0   338.0               190   36                                             
     87576 24092013    0   319.0               175   35                                             
     87576 24092013    0   301.0               180   27                                             
     87576 24092013    0   298.0               190   24                                             
     87576 24092013    0   289.0               210   28                                             
     87576 24092013    0   270.0               235   30                                             
     87576 24092013    0   269.0 -39.3 -76.3              9840                                      
     87576 24092013    0   259.0               225   36                                             
     87576 24092013    0   252.0               240   38                                             
     87576 24092013    0   207.0               235   45                                             
     87576 24092013    0   197.0 -42.1 -78.1             11960                                      
     87576 24092013    0   190.0               250   47                                             
     87576 24092013    0   156.0               250   28                                             
     87576 24092013    0   149.0               260   35                                             
     87576 24092013    0   128.0 -55.5 -86.5   260   53  14792                                      
     87576 24092013    0   118.0               245   31                                             
     87576 24092013    0   113.0               260   25                                             
     87576 24092013    0   111.0               265   26                                             
     87576 24092013    0   105.0               265   43                                             
     87576 24092013    0   101.0 -57.9 -88.9             16293                                      
     87576 24092013    0   100.0 -57.7 -88.7   255   30  16355                                      
     87576 24092013    0    92.2               275   30                                             
     87576 24092013    0    87.4 -60.9 -89.9             17198                                      
     87576 24092013    0    87.0               250   31                                             
     87576 24092013    0    84.5 -61.3 -90.3             17407                                      
     87576 24092013    0    80.1 -58.7 -88.7             17740                                      
     87576 24092013    0    77.9               265   20                                             
     87576 24092013    0    74.8               290   17                                             
     87576 24092013    0    73.5               300   21                                             
     87576 24092013    0    70.1               290   33                                             
     87576 24092013    0    67.2               265   28                                             
     87576 24092013    0    64.6 -61.1 -90.1             19082                                      
     87576 24092013    0    62.8               255   21                                             
     87576 24092013    0    61.8               270   15                                             
     87576 24092013    0    60.1               325   12                                             
     87576 24092013    0    59.8 -58.1 -89.1             19564                                      
     87576 24092013    0    58.4               340   19                                             
     87576 24092013    0    56.8               330   16                                             
     87576 24092013    0    55.0               270   10                                             
     87576 24092013    0    54.5               260   10                                             
     87576 24092013    0    53.0 -62.5 -91.5             20316                                      
     87576 24092013    0    51.0               255    3                                             
     87576 24092013    0    49.6               315   10                                             
     87576 24092013    0    47.8               285   18                                             
     87576 24092013    0    47.4 -58.5 -89.5             21011                                      
     87576 24092013    0    45.2               295   24                                             
     87576 24092013    0    43.0               265   14                                             
     87576 24092013    0    40.7               275   28                                             
     87576 24092013    0    38.8               255   18                                             
     87576 24092013    0    36.7               260   13                                             
     87576 24092013    0    36.0               290    8                                             
     87576 24092013    0    34.8               340   10                                             
     87576 24092013    0    34.5 -56.1 -88.1             23019                                      
     87576 24092013    0    34.2               350   13                                             
     87576 24092013    0    31.7               295   12                                             
     87576 24092013    0    30.5               315    7                                             
     87576 24092013    0    29.8               335   10                                             
     87576 24092013    0    29.1               310   12                                             
     87576 24092013    0    28.5               310   17                                             
     87576 24092013    0    28.3 -57.1 -89.1             24275                                      
     87576 24092013    0    27.7               295   10                                             
     87576 24092013    0    25.2                 0    0                                             
     87576 24092013    0    21.1 -49.7 -83.7             26164                                      
     87576 24092013    0    20.8               110   10                                             
     87576 24092013    0    19.2                95   14                                             
     87576 24092013    0    18.5               130   11                                             
     87576 24092013    0    18.2               130   14                                             
     87576 24092013    0    17.5                90   10                                             
     87576 24092013    0    17.3                90    8                                             
     87576 24092013    0    16.9               120   14                                             
     87576 24092013    0    16.3                90   15                                             
     87576 24092013    0    15.7                95   22                                             
     87576 24092013    0    15.5 -47.9 -81.9             28190                                      
     87576 24092013    0    15.1                85   13                                             
     87576 24092013    0    14.5                60   22                                             
     87576 24092013    0    14.0                60   30                                             
     87576 24092013    0    13.4                60   18                                             
     87576 24092013    0    13.2                70   21                                             
     87576 24092013    0    12.7                60   27                                             
     87576 24092013    0    11.0 -40.1 -77.1   100   22  30491                                      
