     87576 18092013   12  1015.0   7.4  -1.6   280   10                                             
     87576 18092013   12  1002.0   6.0  -3.0               125                                      
     87576 18092013   12   996.0   6.4  -3.6               173                                      
     87576 18092013   12   988.0  11.0  -8.0   260   30    239                                      
     87576 18092013   12   974.0  10.2  -8.8               357                                      
     87576 18092013   12   746.0               240   35                                             
     87576 18092013   12   721.0 -12.1 -16.6              2756                                      
     87576 18092013   12   703.0  -8.9 -38.9              2950                                      
     87576 18092013   12   658.0 -11.7 -54.7              3459                                      
     87576 18092013   12   609.0               260   38                                             
     87576 18092013   12   563.0 -21.1 -32.1              4631                                      
     87576 18092013   12   556.0               255   32                                             
     87576 18092013   12   545.0 -21.9 -50.9              4870                                      
     87576 18092013   12   514.0 -24.1 -59.1              5299                                      
     87576 18092013   12   506.0 -24.7 -55.7              5413                                      
     87576 18092013   12   478.0               260   61                                             
     87576 18092013   12   430.0 -35.3 -49.3              6571                                      
     87576 18092013   12   409.0 -36.5 -61.5              6918                                      
     87576 18092013   12   403.0               275   57                                             
     87576 18092013   12   380.0 -41.1 -58.1              7422                                      
     87576 18092013   12   366.0               265   54                                             
     87576 18092013   12   336.0 -47.1 -72.1              8247                                      
     87576 18092013   12   334.0               270   67                                             
     87576 18092013   12   293.0 -51.9 -76.9              9143                                      
     87576 18092013   12   280.0 -52.9 -77.9              9436                                      
     87576 18092013   12   230.0 -47.9 -81.9             10718                                      
     87576 18092013   12   220.0               270   47                                             
     87576 18092013   12   187.0               275   62                                             
     87576 18092013   12   164.0               265   39                                             
     87576 18092013   12   157.0 -54.1 -87.1             13202                                      
     87576 18092013   12   147.0               280   56                                             
     87576 18092013   12   135.0               280   46                                             
     87576 18092013   12   123.0               280   57                                             
     87576 18092013   12   114.0               280   43                                             
     87576 18092013   12   100.0 -54.1 -87.1   280   59  16095                                      
     87576 18092013   12    99.5               280   59                                             
     87576 18092013   12    84.8               270   36                                             
     87576 18092013   12    78.4 -57.7 -89.7             17643                                      
     87576 18092013   12    76.2               275   34                                             
     87576 18092013   12    71.9               260   35                                             
     87576 18092013   12    71.1 -55.9 -87.9             18262                                      
     87576 18092013   12    65.6               300   31                                             
     87576 18092013   12    61.7               275   26                                             
     87576 18092013   12    60.6               265   29                                             
     87576 18092013   12    55.8               295   32                                             
     87576 18092013   12    51.3 -58.7 -89.7   285   25  20325                                      
     87576 18092013   12    48.2               290   36                                             
     87576 18092013   12    45.7 -55.7 -87.7   315   38  21055                                      
     87576 18092013   12    40.6               315   43                                             
     87576 18092013   12    36.6 -63.5 -93.5             22443                                      
     87576 18092013   12    35.3 -63.5 -93.5             22665                                      
     87576 18092013   12    35.0               285   46                                             
     87576 18092013   12    34.2 -62.5 -92.5             22859                                      
     87576 18092013   12    32.6 -55.9 -87.9             23159                                      
     87576 18092013   12    32.3               295   57                                             
     87576 18092013   12    29.7 -57.9 -88.9             23748                                      
     87576 18092013   12    28.1               275   69                                             
     87576 18092013   12    24.9 -54.5 -87.5             24868                                      
     87576 18092013   12    24.1               290   64                                             
     87576 18092013   12    22.1               285   58                                             
     87576 18092013   12    21.4 -56.9 -88.9             25832                                      
     87576 18092013   12    19.1               275   69                                             
     87576 18092013   12    19.0 -54.5 -86.5             26588                                      
     87576 18092013   12    17.0 -45.9 -80.9   295   81  27314                                      
     87576 18092013   12    14.5 -51.1 -85.1             28360                                      
     87576 18092013   12    13.8               285   95                                             
     87576 18092013   12    13.6 -48.5 -82.5   285   91  28779                                      
