     87576 13092013   12  1016.0        9.4        7.7        190         14    
     87576 13092013   12  1009.0                              180         28    
     87576 13092013   12   962.0        5.6        5.4                          
     87576 13092013   12   942.0                              140         24    
     87576 13092013   12   932.0        8.6        7.5                          
     87576 13092013   12   905.0                              165         17    
     87576 13092013   12   881.0                              175         19    
     87576 13092013   12   842.0                              175         26    
     87576 13092013   12   776.0        2.8       -6.2                          
     87576 13092013   12   767.0                              190          5    
     87576 13092013   12   750.0                              225         12    
     87576 13092013   12   739.0         .2       -7.8                          
     87576 13092013   12   733.0                              220         14    
     87576 13092013   12   716.0          0        -15                          
     87576 13092013   12   693.0                              260         28    
     87576 13092013   12   672.0       -1.3      -15.3                          
     87576 13092013   12   655.0        1.2      -27.8                          
     87576 13092013   12   650.0                              280         52    
     87576 13092013   12   621.0                              285         43    
     87576 13092013   12   607.0       -3.7      -14.7                          
     87576 13092013   12   581.0       -6.1      -22.1                          
     87576 13092013   12   567.0       -6.7       -8.6                          
     87576 13092013   12   551.0       -7.3      -13.3                          
     87576 13092013   12   492.0                              300         83    
     87576 13092013   12   485.0      -15.1      -16.1                          
     87576 13092013   12   479.0      -14.1      -23.1                          
     87576 13092013   12   472.0      -14.9      -28.9                          
     87576 13092013   12   468.0      -14.5      -50.5                          
     87576 13092013   12   462.0                              300         75    
     87576 13092013   12   376.0                              300         89    
     87576 13092013   12   371.0      -28.3      -52.3                          
     87576 13092013   12   367.0      -28.7      -42.7                          
     87576 13092013   12   365.0      -28.7      -36.7                          
     87576 13092013   12   362.0      -29.1      -32.2                          
     87576 13092013   12   348.0                              315         83    
     87576 13092013   12   340.0      -32.5      -35.9                          
     87576 13092013   12   339.0      -32.3      -39.3                          
     87576 13092013   12   325.0      -35.3      -42.3                          
     87576 13092013   12   322.0      -35.9      -50.9                          
     87576 13092013   12   316.0      -37.1      -58.1                          
     87576 13092013   12   264.0                              300         99    
     87576 13092013   12   262.0      -47.3      -58.3                          
     87576 13092013   12   256.0      -47.9      -62.9                          
     87576 13092013   12   237.0                              290         96    
     87576 13092013   12   212.0      -51.3      -74.3                          
     87576 13092013   12   199.0                              310         89    
     87576 13092013   12   182.0                              300         95    
     87576 13092013   12   164.0                              285         82    
     87576 13092013   12   150.0                              290         64    
     87576 13092013   12   142.0      -64.7      -85.7                          
     87576 13092013   12   136.0                              305         68    
     87576 13092013   12   134.0      -63.3      -86.3                          
     87576 13092013   12   122.0                              295         56    
     87576 13092013   12   106.0      -71.1      -89.1        285         61    
     87576 13092013   12   100.0      -70.1      -89.1        285         46    
     87576 13092013   12    93.0      -71.1      -91.1                          
     87576 13092013   12    90.5      -68.7      -90.7                          
     87576 13092013   12    85.5                              300         39    
     87576 13092013   12    82.8                              285         44    
     87576 13092013   12    80.8      -70.1      -95.1                          
     87576 13092013   12    80.6                              280         35    
     87576 13092013   12    78.8      -67.1      -92.1                          
     87576 13092013   12    74.1                              300         20    
     87576 13092013   12    72.9      -67.9      -94.9                          
     87576 13092013   12    66.0                              300         28    
     87576 13092013   12    64.2                              285         33    
     87576 13092013   12    62.0      -61.1      -92.1                          
     87576 13092013   12    61.9                              270         30    
     87576 13092013   12    56.2      -62.5      -92.5                          
     87576 13092013   12    55.9                              310         24    
     87576 13092013   12    54.3      -59.1      -90.1                          
     87576 13092013   12    53.3                              300         23    
     87576 13092013   12    50.2                              320         20    
     87576 13092013   12    47.8                              330         22    
     87576 13092013   12    46.1      -64.1      -94.1                          
     87576 13092013   12    44.9                              295         22    
     87576 13092013   12    43.8      -59.5      -90.5                          
     87576 13092013   12    42.3                              300         22    
     87576 13092013   12    40.8                              280         23    
     87576 13092013   12    40.7      -61.5      -91.5                          
     87576 13092013   12    39.5                              300         22    
     87576 13092013   12    35.9                              280         28    
     87576 13092013   12    33.3                              275         13    
     87576 13092013   12    32.7                              290         16    
     87576 13092013   12    31.7                              285         16    
     87576 13092013   12    30.4                              320         20    
     87576 13092013   12    29.9      -55.3      -87.3                          
     87576 13092013   12    25.6      -57.7      -89.7                          
     87576 13092013   12    21.7      -51.7      -84.7                          
     87576 13092013   12    18.0      -54.3      -87.3                          
     87576 13092013   12    10.1      -45.5      -80.5                          
