     87576 05102013   12  1021.0  14.8   8.8   100    6      0                                      
     87576 05102013   12  1020.0  12.4   7.4                 0                                      
     87576 05102013   12   991.0   9.8   7.7                 0                                      
     87576 05102013   12   989.0                45   10                                             
     87576 05102013   12   974.0   9.6   6.6                 0                                      
     87576 05102013   12   960.0  10.2   3.2                 0                                      
     87576 05102013   12   916.0   8.6    .6                 0                                      
     87576 05102013   12   878.0   6.4  -1.6                 0                                      
     87576 05102013   12   867.0   7.0  -7.0                 0                                      
     87576 05102013   12   854.0   6.6 -15.4                 0                                      
     87576 05102013   12   790.0   1.2  -7.8                 0                                      
     87576 05102013   12   778.0               155    1                                             
     87576 05102013   12   765.0   -.5 -13.5                 0                                      
     87576 05102013   12   742.0  -1.3 -18.3                 0                                      
     87576 05102013   12   735.0  -1.5  -8.5                 0                                      
     87576 05102013   12   730.0  -1.7 -15.7                 0                                      
     87576 05102013   12   713.0               230   12                                             
     87576 05102013   12   712.0  -2.9 -19.9                 0                                      
     87576 05102013   12   697.0  -1.5 -48.5                 0                                      
     87576 05102013   12   668.0               235   17                                             
     87576 05102013   12   638.0  -4.9 -45.9                 0                                      
     87576 05102013   12   630.0               225   24                                             
     87576 05102013   12   616.0  -7.1 -16.1                 0                                      
     87576 05102013   12   584.0               245   32                                             
     87576 05102013   12   558.0 -11.9 -32.9                 0                                      
     87576 05102013   12   544.0 -12.7 -23.7                 0                                      
     87576 05102013   12   499.0 -18.7 -24.7                 0                                      
     87576 05102013   12   498.0               255   34                                             
     87576 05102013   12   479.0 -20.7 -30.7                 0                                      
     87576 05102013   12   475.0 -20.1 -40.1                 0                                      
     87576 05102013   12   447.0               245   43                                             
     87576 05102013   12   443.0 -24.1 -33.1                 0                                      
     87576 05102013   12   413.0               255   41                                             
     87576 05102013   12   375.0 -33.9 -40.9                 0                                      
     87576 05102013   12   368.0 -35.1 -42.1                 0                                      
     87576 05102013   12   348.0 -37.5 -47.5                 0                                      
     87576 05102013   12   268.0 -50.7 -62.7                 0                                      
     87576 05102013   12   260.0               255   75                                             
     87576 05102013   12   250.0 -52.9 -68.9                 0                                      
     87576 05102013   12   241.0               255   91                                             
     87576 05102013   12   221.0               265   78                                             
     87576 05102013   12   209.0 -47.9 -79.9                 0                                      
     87576 05102013   12   187.0               265   94                                             
     87576 05102013   12   153.0               255   76                                             
     87576 05102013   12   137.0               275   71                                             
     87576 05102013   12   123.0               255   65                                             
     87576 05102013   12   110.0 -64.3 -89.3                 0                                      
     87576 05102013   12   100.0 -63.7 -88.7   260   46      0                                      
