     87576 20092013    0  1014.0  17.4   1.4    30    6                                             
     87576 20092013    0   991.0  17.0    .0     5   19    215                                      
     87576 20092013    0   963.0                 5   25                                             
     87576 20092013    0   826.0               345   13                                             
     87576 20092013    0   811.0               335   16                                             
     87576 20092013    0   808.0   2.0  -6.0              1906                                      
     87576 20092013    0   790.0               295   19                                             
     87576 20092013    0   787.0   2.8 -28.2              2118                                      
     87576 20092013    0   756.0               280   20                                             
     87576 20092013    0   742.0               260   18                                             
     87576 20092013    0   710.0               285   20                                             
     87576 20092013    0   693.0               275   21                                             
     87576 20092013    0   689.0    .2 -31.8              3187                                      
     87576 20092013    0   669.0               295   26                                             
     87576 20092013    0   628.0               275   26                                             
     87576 20092013    0   590.0               290   36                                             
     87576 20092013    0   553.0               280   33                                             
     87576 20092013    0   551.0 -13.9 -29.9              4930                                      
     87576 20092013    0   514.0               285   51                                             
     87576 20092013    0   501.0 -18.5 -41.5              5646                                      
     87576 20092013    0   499.0 -18.7 -36.7              5674                                      
     87576 20092013    0   434.0 -27.7 -35.7              6695                                      
     87576 20092013    0   415.0 -30.5 -42.5              7015                                      
     87576 20092013    0   389.0               270   54                                             
     87576 20092013    0   370.0 -38.1 -40.9              7817                                      
     87576 20092013    0   348.0 -41.5 -49.5              8235                                      
     87576 20092013    0   344.0 -41.5 -58.5              8313                                      
     87576 20092013    0   338.0               280   61                                             
     87576 20092013    0   300.0               275   52                                             
     87576 20092013    0   288.0 -50.1 -63.1              9495                                      
     87576 20092013    0   233.0 -55.9 -71.9             10861                                      
     87576 20092013    0   214.0               280   85                                             
     87576 20092013    0   205.0               280   74                                             
     87576 20092013    0   190.0 -53.3 -85.3             12166                                      
     87576 20092013    0   173.0               280   81                                             
     87576 20092013    0   137.0 -57.3 -88.3             14252                                      
     87576 20092013    0   127.0               280   56                                             
     87576 20092013    0   121.0               285   65                                             
     87576 20092013    0   114.0 -56.1 -87.1             15417                                      
     87576 20092013    0   109.0               275   52                                             
     87576 20092013    0   105.0 -58.9 -88.9             15936                                      
     87576 20092013    0   100.0 -55.7 -87.7   265   53  16244                                      
     87576 20092013    0    95.1               270   41                                             
     87576 20092013    0    86.3               285   55                                             
     87576 20092013    0    68.3               255   34                                             
     87576 20092013    0    67.0 -61.1 -90.1             18762                                      
     87576 20092013    0    63.7               290   33                                             
     87576 20092013    0    57.8               265   27                                             
     87576 20092013    0    55.5               265   25                                             
     87576 20092013    0    54.6 -57.1 -89.1             20044                                      
     87576 20092013    0    52.3               295   25                                             
     87576 20092013    0    50.2               285   23                                             
     87576 20092013    0    50.1 -59.5 -90.5             20585                                      
     87576 20092013    0    48.3               300   27                                             
     87576 20092013    0    44.1               280   16                                             
     87576 20092013    0    43.1               270   19                                             
     87576 20092013    0    39.9               295   21                                             
     87576 20092013    0    38.6               270   15                                             
     87576 20092013    0    36.4 -58.3 -89.3             22589                                      
     87576 20092013    0    34.6               300   23                                             
     87576 20092013    0    33.7 -54.9 -86.9             23077                                      
     87576 20092013    0    30.8               280   25                                             
     87576 20092013    0    29.6               270   22                                             
     87576 20092013    0    28.4 -56.9 -88.9             24165                                      
     87576 20092013    0    27.6               280   23                                             
     87576 20092013    0    26.7               260   24                                             
     87576 20092013    0    25.6 -52.3 -85.3             24829                                      
     87576 20092013    0    23.7               280   19                                             
     87576 20092013    0    22.8               290   12                                             
     87576 20092013    0    21.8               245    3                                             
     87576 20092013    0    21.5 -54.1 -87.1             25953                                      
     87576 20092013    0    21.0               215   10                                             
     87576 20092013    0    18.0               215   25                                             
     87576 20092013    0    17.2               240   13                                             
     87576 20092013    0    17.0 -50.5 -84.5   230   10  27472                                      
     87576 20092013    0    16.4               215    6                                             
     87576 20092013    0    15.2               255   16                                             
     87576 20092013    0    15.1 -52.9 -85.9             28240                                      
     87576 20092013    0    14.3               225   23                                             
     87576 20092013    0    12.7               235   28                                             
     87576 20092013    0    12.1               215   33                                             
     87576 20092013    0    10.9               230   32                                             
     87576 20092013    0    10.3               225   37                                             
     87576 20092013    0     9.0               220   28                                             
     87576 20092013    0     8.5               235   24                                             
     87576 20092013    0     8.3 -41.3 -78.3   260   21  32201                                      
