     87576 28092013   12  1016.0  14.8  10.9   100   10                                             
     87576 28092013   12  1009.0                75   16                                             
     87576 28092013   12   990.0                85   17                                             
     87576 28092013   12   963.0                60   22                                             
     87576 28092013   12   949.0  10.0   8.5               592                                      
     87576 28092013   12   943.0                35   19                                             
     87576 28092013   12   923.0  11.8   4.8               823                                      
     87576 28092013   12   914.0                70    7                                             
     87576 28092013   12   870.0                85   11                                             
     87576 28092013   12   847.0   6.2   5.0              1535                                      
     87576 28092013   12   808.0   3.6   1.1              1920                                      
     87576 28092013   12   798.0   3.6  -4.4              2021                                      
     87576 28092013   12   782.0   2.6    .1              2185                                      
     87576 28092013   12   734.0                 5    4                                             
     87576 28092013   12   716.0  -2.9  -2.9              2891                                      
     87576 28092013   12   707.0  -2.1  -5.4              2991                                      
     87576 28092013   12   695.0               360   14                                             
     87576 28092013   12   652.0                 5   10                                             
     87576 28092013   12   645.0  -8.3  -9.3              3712                                      
     87576 28092013   12   639.0               325    6                                             
     87576 28092013   12   632.0               295   10                                             
     87576 28092013   12   629.0  -5.9 -22.9              3907                                      
     87576 28092013   12   612.0               285   18                                             
     87576 28092013   12   585.0               320   27                                             
     87576 28092013   12   577.0  -9.5 -23.5              4578                                      
     87576 28092013   12   566.0               320   29                                             
     87576 28092013   12   502.0               325   21                                             
     87576 28092013   12   476.0               305   22                                             
     87576 28092013   12   446.0 -27.5 -30.8              6498                                      
     87576 28092013   12   437.0               295   26                                             
     87576 28092013   12   416.0 -31.7 -34.2              6994                                      
     87576 28092013   12   393.0 -35.1 -42.1              7393                                      
     87576 28092013   12   388.0 -35.9 -41.9              7482                                      
     87576 28092013   12   384.0 -36.1 -47.1              7553                                      
     87576 28092013   12   383.0               305   30                                             
     87576 28092013   12   367.0 -37.7 -70.7              7866                                      
     87576 28092013   12   323.0               320   58                                             
     87576 28092013   12   302.0 -48.7 -79.7              9178                                      
     87576 28092013   12   283.0               325   54                                             
     87576 28092013   12   271.0 -52.5 -78.5              9883                                      
     87576 28092013   12   266.0 -52.9 -76.9             10003                                      
     87576 28092013   12   260.0               320   72                                             
     87576 28092013   12   223.0               310   56                                             
     87576 28092013   12   208.0 -50.9 -80.9             11596                                      
     87576 28092013   12   198.0 -53.1 -82.1             11914                                      
     87576 28092013   12   181.0 -49.7 -79.7             12497                                      
     87576 28092013   12   177.0               290   62                                             
     87576 28092013   12   159.0               300   52                                             
     87576 28092013   12   143.0               310   69                                             
     87576 28092013   12   138.0 -52.7 -81.7             14259                                      
     87576 28092013   12   130.0 -50.1 -80.1             14646                                      
     87576 28092013   12   120.0               285   65                                             
     87576 28092013   12   108.0               305   61                                             
     87576 28092013   12   100.0 -59.3 -85.3   295   58  16324                                      
     87576 28092013   12    88.9 -62.1 -87.1             17056                                      
     87576 28092013   12    88.8               275   51                                             
     87576 28092013   12    86.0               270   39                                             
     87576 28092013   12    82.2               285   24                                             
     87576 28092013   12    81.0               300   19                                             
     87576 28092013   12    80.1               315   20                                             
     87576 28092013   12    78.0               315   27                                             
     87576 28092013   12    73.4               305    8                                             
     87576 28092013   12    63.6               300   28                                             
     87576 28092013   12    60.6 -58.7 -86.7             19444                                      
     87576 28092013   12    60.4               305   17                                             
     87576 28092013   12    57.2               320   26                                             
     87576 28092013   12    56.7 -60.9 -87.9             19859                                      
     87576 28092013   12    54.4               300   29                                             
     87576 28092013   12    50.7               300   31                                             
     87576 28092013   12    49.7 -56.3 -85.3             20686                                      
     87576 28092013   12    49.5               290   31                                             
     87576 28092013   12    47.2               265   29                                             
     87576 28092013   12    45.7               265   17                                             
     87576 28092013   12    43.5               295   24                                             
     87576 28092013   12    41.5 -58.1 -86.1             21826                                      
     87576 28092013   12    40.6               265   18                                             
     87576 28092013   12    40.3               260   17                                             
     87576 28092013   12    39.6               240   11                                             
     87576 28092013   12    38.5               150    1                                             
     87576 28092013   12    38.2 -55.1 -85.1             22351                                      
     87576 28092013   12    36.3               355   10                                             
     87576 28092013   12    34.2               355   24                                             
     87576 28092013   12    32.3 -57.7 -85.7             23415                                      
     87576 28092013   12    31.7               315   12                                             
     87576 28092013   12    26.8                 0    0                                             
     87576 28092013   12    25.4 -54.5 -84.5             24942                                      
     87576 28092013   12    22.7 -56.9 -85.9             25657                                      
     87576 28092013   12    21.5 -54.1 -84.1   315   11  26003                                      
