     87576 02102013   12  1018.0  11.0   9.3   190    2                                             
     87576 02102013   12  1015.0   9.6   8.5                44                                      
     87576 02102013   12   996.0   8.6   8.5               200                                      
     87576 02102013   12   987.0  10.2   9.8               275                                      
     87576 02102013   12   963.0               130   10                                             
     87576 02102013   12   897.0               130   10                                             
     87576 02102013   12   869.0   5.4   1.3              1326                                      
     87576 02102013   12   858.0               180   13                                             
     87576 02102013   12   848.0   6.8  -3.2              1526                                      
     87576 02102013   12   838.0               160   15                                             
     87576 02102013   12   791.0   5.0 -19.0              2095                                      
     87576 02102013   12   788.0               185   24                                             
     87576 02102013   12   699.0  -2.5 -28.5              3088                                      
     87576 02102013   12   683.0               195   22                                             
     87576 02102013   12   664.0  -5.5 -29.5              3493                                      
     87576 02102013   12   640.0               230   22                                             
     87576 02102013   12   622.0  -7.1 -36.1              4003                                      
     87576 02102013   12   586.0               260   21                                             
     87576 02102013   12   540.0 -15.7 -51.7              5086                                      
     87576 02102013   12   516.0               265   31                                             
     87576 02102013   12   492.0               270   30                                             
     87576 02102013   12   485.0 -22.5 -36.5              5884                                      
     87576 02102013   12   459.0               260   38                                             
     87576 02102013   12   411.0 -31.7 -38.7              7077                                      
     87576 02102013   12   388.0               275   49                                             
     87576 02102013   12   365.0 -37.5 -49.5              7906                                      
     87576 02102013   12   313.0 -46.5 -50.0              8946                                      
     87576 02102013   12   307.0 -47.1 -54.1              9074                                      
     87576 02102013   12   304.0 -46.9 -57.9              9139                                      
     87576 02102013   12   267.0 -53.1 -60.1              9986                                      
     87576 02102013   12   251.0 -54.7 -62.7             10382                                      
     87576 02102013   12   228.0               275   98                                             
     87576 02102013   12   217.0 -54.5 -79.5             11313                                      
     87576 02102013   12   209.0 -51.9 -82.9             11554                                      
     87576 02102013   12   206.0               275   78                                             
     87576 02102013   12   143.0               270   55                                             
     87576 02102013   12   141.0 -55.1 -86.1             14085                                      
     87576 02102013   12   138.0               275   58                                             
     87576 02102013   12   125.0               265   38                                             
     87576 02102013   12   117.0 -61.1 -87.1             15260                                      
     87576 02102013   12   114.0               260   51                                             
     87576 02102013   12   110.0               255   50                                             
     87576 02102013   12   100.0 -61.1 -88.1   265   41  16235                                      
     87576 02102013   12    83.8 -60.1 -89.1             17335                                      
     87576 02102013   12    79.6               270   32                                             
     87576 02102013   12    70.6 -63.7 -92.7             18395                                      
     87576 02102013   12    70.1               250   44                                             
     87576 02102013   12    59.1 -60.3 -90.3             19494                                      
     87576 02102013   12    56.8               230   10                                             
     87576 02102013   12    55.4               230   13                                             
     87576 02102013   12    53.9               270   15                                             
     87576 02102013   12    53.0 -61.3 -92.3             20171                                      
     87576 02102013   12    52.9               275   19                                             
     87576 02102013   12    51.9 -58.3 -89.3             20302                                      
     87576 02102013   12    49.7               230   17                                             
     87576 02102013   12    48.6               225   12                                             
     87576 02102013   12    46.7               260   13                                             
     87576 02102013   12    45.0               270   18                                             
     87576 02102013   12    43.0               245   17                                             
     87576 02102013   12    42.1 -62.5 -92.5             21605                                      
     87576 02102013   12    40.8               270   18                                             
     87576 02102013   12    37.9 -61.5 -91.5             22254                                      
     87576 02102013   12    36.5 -58.1 -90.1             22489                                      
     87576 02102013   12    33.5 -61.5 -91.5             23024                                      
     87576 02102013   12    33.2               275   29                                             
     87576 02102013   12    31.0 -62.3 -92.3             23503                                      
     87576 02102013   12    29.0               240   33                                             
     87576 02102013   12    27.5 -56.3 -88.3             24253                                      
     87576 02102013   12    25.6               240   28                                             
     87576 02102013   12    24.4 -55.5 -87.5             25013                                      
     87576 02102013   12    24.0               285   23                                             
     87576 02102013   12    22.7               285   20                                             
     87576 02102013   12    22.0               265   24                                             
     87576 02102013   12    20.9               275   31                                             
     87576 02102013   12    20.8 -60.5 -90.5             26018                                      
     87576 02102013   12    19.6               255   31                                             
     87576 02102013   12    18.9               265   36                                             
     87576 02102013   12    17.4               255   42                                             
     87576 02102013   12    17.1 -58.9 -89.9             27242                                      
     87576 02102013   12    16.7               260   52                                             
     87576 02102013   12    16.4 -52.7 -85.7             27508                                      
     87576 02102013   12    15.9               270   52                                             
     87576 02102013   12    15.6 -50.5 -84.5             27832                                      
     87576 02102013   12    13.8 -50.3 -84.3             28631                                      
     87576 02102013   12    13.5               265   56                                             
     87576 02102013   12    12.9 -45.1 -80.1             29076                                      
     87576 02102013   12    12.8               255   51                                             
     87576 02102013   12    11.0 -40.5 -77.5             30150                                      
     87576 02102013   12    10.2 -39.9 -76.9   290   52  30665                                      
