     87576 27092013    0  1018.0  15.2   8.2   110   10                                             
     87576 27092013    0  1017.0  13.8   6.8                28                                      
     87576 27092013    0  1013.0                90   12                                             
     87576 27092013    0   985.0  12.6   6.6               297                                      
     87576 27092013    0   963.0  13.0   5.0               486                                      
     87576 27092013    0   962.0                50   17                                             
     87576 27092013    0   874.0   6.2   1.6              1290                                      
     87576 27092013    0   872.0                25   13                                             
     87576 27092013    0   863.0   6.6  -6.4              1393                                      
     87576 27092013    0   840.0               345    8                                             
     87576 27092013    0   829.0   3.8  -4.2              1720                                      
     87576 27092013    0   821.0               325   12                                             
     87576 27092013    0   783.0               345   19                                             
     87576 27092013    0   768.0   2.0 -21.0              2338                                      
     87576 27092013    0   760.0   2.6 -26.4              2422                                      
     87576 27092013    0   736.0               310   30                                             
     87576 27092013    0   696.0   -.3 -25.3              3128                                      
     87576 27092013    0   690.0               355   19                                             
     87576 27092013    0   688.0    .6 -26.4              3220                                      
     87576 27092013    0   682.0               360   21                                             
     87576 27092013    0   674.0   -.7 -26.7              3384                                      
     87576 27092013    0   653.0    .2 -29.8              3637                                      
     87576 27092013    0   641.0               325   24                                             
     87576 27092013    0   551.0 -11.1 -32.1   315   31   4968                                      
     87576 27092013    0   485.0 -19.1 -23.8              5932                                      
     87576 27092013    0   478.0               290   44                                             
     87576 27092013    0   442.0 -25.3 -30.3              6614                                      
     87576 27092013    0   430.0 -26.7 -33.7              6813                                      
     87576 27092013    0   407.0 -30.3 -34.0              7207                                      
     87576 27092013    0   393.0 -32.1 -36.0              7454                                      
     87576 27092013    0   391.0 -32.3 -39.3              7490                                      
     87576 27092013    0   384.0 -32.9 -37.3              7617                                      
     87576 27092013    0   375.0 -34.3 -49.3              7783                                      
     87576 27092013    0   371.0 -34.9 -46.9              7857                                      
     87576 27092013    0   368.0 -35.3 -38.2              7913                                      
     87576 27092013    0   363.0               305   63                                             
     87576 27092013    0   358.0 -37.1 -46.1              8104                                      
     87576 27092013    0   355.0 -37.1 -58.1              8162                                      
     87576 27092013    0   347.0 -37.9 -64.9              8319                                      
     87576 27092013    0   315.0               285   79                                             
     87576 27092013    0   284.0               275   77                                             
     87576 27092013    0   237.0               280   89                                             
     87576 27092013    0   220.0 -53.7 -71.7             11353                                      
     87576 27092013    0   215.0               280   80                                             
     87576 27092013    0   196.0               280   94                                             
     87576 27092013    0   171.0 -51.7 -79.7             12979                                      
     87576 27092013    0   169.0               275   72                                             
     87576 27092013    0   150.0               285   65                                             
     87576 27092013    0   141.0 -57.7 -83.7             14213                                      
     87576 27092013    0   139.0               280   83                                             
     87576 27092013    0   132.0               280   65                                             
     87576 27092013    0   131.0 -55.7 -82.7             14679                                      
     87576 27092013    0   124.0               285   81                                             
     87576 27092013    0   122.0 -58.1 -85.1             15129                                      
     87576 27092013    0   117.0               275   68                                             
     87576 27092013    0   109.0 -54.9 -82.9   280   44  15843                                      
     87576 27092013    0   100.0 -59.1 -86.1   290   39  16388                                      
     87576 27092013    0    93.0               285   33                                             
     87576 27092013    0    88.1               255   24                                             
     87576 27092013    0    85.0 -65.5 -89.5             17391                                      
     87576 27092013    0    83.0               250   38                                             
     87576 27092013    0    80.6               255   24                                             
     87576 27092013    0    79.5 -59.5 -85.5             17803                                      
     87576 27092013    0    79.1               275   18                                             
     87576 27092013    0    77.7               290   20                                             
     87576 27092013    0    73.4 -62.3 -88.3             18299                                      
     87576 27092013    0    72.9               305   23                                             
     87576 27092013    0    70.5               295   23                                             
     87576 27092013    0    68.9 -59.9 -86.9             18691                                      
     87576 27092013    0    68.5               310   28                                             
     87576 27092013    0    66.5               305   30                                             
     87576 27092013    0    63.7 -61.7 -88.7             19179                                      
     87576 27092013    0    63.4               310   24                                             
     87576 27092013    0    58.5 -57.3 -85.3   280   24  19711                                      
     87576 27092013    0    53.8               290   24                                             
     87576 27092013    0    51.7               275   21                                             
     87576 27092013    0    49.7               300   19                                             
     87576 27092013    0    46.9               300   15                                             
     87576 27092013    0    46.4 -60.7 -87.7             21164                                      
     87576 27092013    0    45.9               310   12                                             
     87576 27092013    0    45.2               325   14                                             
     87576 27092013    0    43.1               325   18                                             
     87576 27092013    0    41.8               355   17                                             
     87576 27092013    0    39.0               325   28                                             
     87576 27092013    0    38.4               320   27                                             
     87576 27092013    0    34.7 -58.9 -86.9             22979                                      
     87576 27092013    0    29.5 -54.7 -83.7             24007                                      
     87576 27092013    0    26.7 -57.1 -85.1             24641                                      
     87576 27092013    0     8.9 -43.5 -76.5             31811                                      
