     87576 27092013   12  1018.0  15.0  10.5    90   14      0                                      
     87576 27092013   12  1017.0  13.2   9.0                 0                                      
     87576 27092013   12  1013.0                60   12                                             
     87576 27092013   12   987.0                55   17                                             
     87576 27092013   12   972.0   9.6   8.0                 0                                      
     87576 27092013   12   964.0  13.0   6.0                 0                                      
     87576 27092013   12   963.0                25   14                                             
     87576 27092013   12   958.0  13.2   4.2                 0                                      
     87576 27092013   12   951.0                30   11                                             
     87576 27092013   12   922.0                85   10                                             
     87576 27092013   12   921.0  11.4  -1.6                 0                                      
     87576 27092013   12   865.0               135   10                                             
     87576 27092013   12   799.0               150   10                                             
     87576 27092013   12   770.0  -1.7  -3.2                 0                                      
     87576 27092013   12   769.0               120    7                                             
     87576 27092013   12   749.0                25   11                                             
     87576 27092013   12   740.0   -.3 -17.3                 0                                      
     87576 27092013   12   718.0   -.5 -14.5                 0                                      
     87576 27092013   12   687.0               305   17                                             
     87576 27092013   12   682.0   1.4 -23.6                 0                                      
     87576 27092013   12   635.0               300   21                                             
     87576 27092013   12   615.0               320   21                                             
     87576 27092013   12   599.0  -5.5 -35.5                 0                                      
     87576 27092013   12   588.0               290   17                                             
     87576 27092013   12   582.0               285   19                                             
     87576 27092013   12   513.0 -15.1 -30.1                 0                                      
     87576 27092013   12   481.0 -18.1 -41.1   295   57      0                                      
     87576 27092013   12   442.0 -23.7 -33.7                 0                                      
     87576 27092013   12   438.0               295   58                                             
     87576 27092013   12   432.0 -25.3 -39.3                 0                                      
     87576 27092013   12   428.0 -24.5 -57.5                 0                                      
     87576 27092013   12   415.0               290   52                                             
     87576 27092013   12   401.0 -28.5 -44.5                 0                                      
     87576 27092013   12   373.0 -32.7 -54.7                 0                                      
     87576 27092013   12   336.0 -39.1 -48.1                 0                                      
     87576 27092013   12   308.0               285   77                                             
     87576 27092013   12   303.0 -44.3 -59.3                 0                                      
     87576 27092013   12   267.0 -47.7 -68.7                 0                                      
     87576 27092013   12   261.0               290  118                                             
     87576 27092013   12   229.0               285  130                                             
     87576 27092013   12   217.0 -56.5 -74.5                 0                                      
     87576 27092013   12   186.0 -57.3 -77.3                 0                                      
     87576 27092013   12   180.0               285  109                                             
     87576 27092013   12   174.0 -52.7 -81.7                 0                                      
     87576 27092013   12   167.0               275   76                                             
     87576 27092013   12   147.0               290   89                                             
     87576 27092013   12   137.0               280   84                                             
     87576 27092013   12   136.0 -53.9 -84.9                 0                                      
     87576 27092013   12   123.0               290   72                                             
     87576 27092013   12   120.0 -57.9 -86.9                 0                                      
     87576 27092013   12   115.0               275   66                                             
     87576 27092013   12   109.0 -56.3 -87.3   270   44      0                                      
     87576 27092013   12   100.0 -60.1 -88.1   290   29      0                                      
