     87576 22092013   12  1021.0   8.0   5.5   180    6                                             
     87576 22092013   12  1006.0               150   10                                             
     87576 22092013   12   985.0   4.6   3.6               314                                      
     87576 22092013   12   970.0               125   15                                             
     87576 22092013   12   955.0   4.0   3.5               566                                      
     87576 22092013   12   939.0   3.6    .7               703                                      
     87576 22092013   12   935.0               150   15                                             
     87576 22092013   12   920.0   4.0  -5.0               869                                      
     87576 22092013   12   900.0               150   18                                             
     87576 22092013   12   837.0  -2.1  -7.1              1628                                      
     87576 22092013   12   823.0               175   12                                             
     87576 22092013   12   822.0   -.9 -15.9              1772                                      
     87576 22092013   12   763.0               210   10                                             
     87576 22092013   12   758.0  -3.3 -37.3              2415                                      
     87576 22092013   12   729.0               265   12                                             
     87576 22092013   12   719.0  -5.1 -21.1              2831                                      
     87576 22092013   12   665.0 -10.3 -23.3   235    3   3437                                      
     87576 22092013   12   656.0 -11.1 -25.1              3541                                      
     87576 22092013   12   649.0 -11.9 -21.9              3623                                      
     87576 22092013   12   640.0 -11.9 -16.3              3729                                      
     87576 22092013   12   623.0               275   12                                             
     87576 22092013   12   603.0               295   14                                             
     87576 22092013   12   586.0               280   25                                             
     87576 22092013   12   582.0 -14.3 -27.3              4453                                      
     87576 22092013   12   519.0 -21.3 -24.4              5310                                      
     87576 22092013   12   499.0               290   53                                             
     87576 22092013   12   460.0 -26.5 -27.8              6191                                      
     87576 22092013   12   451.0               310   40                                             
     87576 22092013   12   436.0               315   45                                             
     87576 22092013   12   389.0               305   59                                             
     87576 22092013   12   377.0 -37.9 -41.3              7595                                      
     87576 22092013   12   347.0               310   83                                             
     87576 22092013   12   344.0 -41.7 -46.7              8221                                      
     87576 22092013   12   332.0 -43.7 -46.3              8460                                      
     87576 22092013   12   325.0 -44.5 -52.5              8602                                      
     87576 22092013   12   317.0               305   75                                             
     87576 22092013   12   308.0 -47.1 -57.1              8959                                      
     87576 22092013   12   302.0 -46.1 -76.1              9089                                      
     87576 22092013   12   299.0               300   50                                             
     87576 22092013   12   286.0 -43.1 -79.1              9453                                      
     87576 22092013   12   278.0               310   40                                             
     87576 22092013   12   258.0               310   54                                             
     87576 22092013   12   218.0 -44.3 -79.3             11277                                      
     87576 22092013   12   211.0               310   40                                             
     87576 22092013   12   185.0 -49.7 -81.7   305   53  12364                                      
     87576 22092013   12   175.0 -49.3 -82.3             12727                                      
     87576 22092013   12   155.0               275   48                                             
     87576 22092013   12   151.0 -49.7 -82.7             13693                                      
     87576 22092013   12   144.0               290   34                                             
     87576 22092013   12   135.0               275   37                                             
     87576 22092013   12   112.0               290   30                                             
     87576 22092013   12   107.0 -58.5 -86.5             15902                                      
     87576 22092013   12   100.0 -58.1 -87.1   275   43  16327                                      
     87576 22092013   12    94.3               270   47                                             
     87576 22092013   12    91.3 -59.7 -87.7             16898                                      
     87576 22092013   12    82.2               245   38                                             
     87576 22092013   12    80.9               235   33                                             
     87576 22092013   12    75.5               235   18                                             
     87576 22092013   12    72.3 -56.3 -87.3             18368                                      
     87576 22092013   12    70.3               285    3                                             
     87576 22092013   12    64.7 -61.3 -89.3             19064                                      
     87576 22092013   12    59.4               315   10                                             
     87576 22092013   12    55.9               360   12                                             
     87576 22092013   12    53.1               320   10                                             
     87576 22092013   12    47.2 -57.5 -88.5             21038                                      
     87576 22092013   12    43.2               335   10                                             
     87576 22092013   12    41.9                 0    0                                             
     87576 22092013   12    40.0 -58.9 -88.9             22079                                      
     87576 22092013   12    38.2                10   10                                             
     87576 22092013   12    36.2               275   10                                             
     87576 22092013   12    32.2               195   10                                             
     87576 22092013   12    31.8               190   11                                             
     87576 22092013   12    30.2                75   11                                             
     87576 22092013   12    29.7                50   13                                             
     87576 22092013   12    27.8                35   10                                             
     87576 22092013   12    27.6 -52.7 -85.7             24440                                      
     87576 22092013   12    26.6                95   11                                             
     87576 22092013   12    25.5                60   16                                             
     87576 22092013   12    23.8                35   10                                             
     87576 22092013   12    23.2                10   12                                             
     87576 22092013   12    21.7 -55.3 -86.3             25983                                      
     87576 22092013   12    20.0               355   10                                             
     87576 22092013   12    16.6               225   13                                             
     87576 22092013   12    15.4               230   11                                             
     87576 22092013   12    14.9               215   12                                             
     87576 22092013   12    14.5               230   15                                             
     87576 22092013   12    13.9               215   20                                             
     87576 22092013   12    13.1 -49.3 -82.3   175   11  29246                                      
