     87576 15092013   12  1018.0        6.8        4.1        160         10    
     87576 15092013   12   977.0          4          4                          
     87576 15092013   12   956.0                              115         38    
     87576 15092013   12   940.0        4.4        4.2                          
     87576 15092013   12   917.0          6        4.9        120         27    
     87576 15092013   12   883.0                               90         28    
     87576 15092013   12   856.0                               85         20    
     87576 15092013   12   822.0                              120         14    
     87576 15092013   12   789.0                              115         14    
     87576 15092013   12   764.0                               60          4    
     87576 15092013   12   750.0                               35         10    
     87576 15092013   12   730.0                               45         15    
     87576 15092013   12   719.0       -1.3       -1.4                          
     87576 15092013   12   669.0                              320         10    
     87576 15092013   12   644.0       -7.5       -7.8                          
     87576 15092013   12   630.0       -4.3      -20.3                          
     87576 15092013   12   629.0                              330         28    
     87576 15092013   12   614.0                              315         27    
     87576 15092013   12   511.0      -19.7      -21.9                          
     87576 15092013   12   483.0      -21.1      -23.6                          
     87576 15092013   12   404.0      -31.9      -34.9                          
     87576 15092013   12   389.0                              305         59    
     87576 15092013   12   374.0                              315         64    
     87576 15092013   12   365.0                              320         63    
     87576 15092013   12   333.0                              330         81    
     87576 15092013   12   332.0      -40.7      -44.2                          
     87576 15092013   12   293.0      -48.3      -53.3                          
     87576 15092013   12   277.0      -51.7      -55.1                          
     87576 15092013   12   260.0      -54.5      -57.5                          
     87576 15092013   12   257.0      -55.1        -60                          
     87576 15092013   12   252.0      -55.7      -57.8                          
     87576 15092013   12   249.0                              325        109    
     87576 15092013   12   246.0      -54.9      -68.9                          
     87576 15092013   12   232.0                              320         89    
     87576 15092013   12   221.0                              320        108    
     87576 15092013   12   207.0      -51.5      -83.5                          
     87576 15092013   12   184.0                              310         80    
     87576 15092013   12   169.0      -55.7      -87.7                          
     87576 15092013   12   159.0                              300         98    
     87576 15092013   12   144.0                              300         94    
     87576 15092013   12   127.0      -57.7      -89.7        300         62    
     87576 15092013   12   112.0      -63.1      -91.1                          
     87576 15092013   12   111.0                              300         80    
     87576 15092013   12   100.0      -63.9      -91.9        310         69    
     87576 15092013   12    97.5                              310         71    
     87576 15092013   12    84.1                              285         59    
     87576 15092013   12    80.6                              295         54    
     87576 15092013   12    74.1                              300         69    
     87576 15092013   12    73.2      -65.5      -94.5                          
     87576 15092013   12    70.6      -62.5      -92.5                          
     87576 15092013   12    62.9                              295         63    
     87576 15092013   12    62.2      -64.9      -94.9                          
     87576 15092013   12    60.2      -61.5      -91.5                          
     87576 15092013   12    50.7                              260         40    
     87576 15092013   12    46.2      -62.7      -92.7                          
     87576 15092013   12    44.2      -59.5      -90.5                          
     87576 15092013   12    40.9                              295         51    
     87576 15092013   12    36.0      -56.3      -88.3                          
     87576 15092013   12    29.4      -59.5      -90.5                          
     87576 15092013   12    26.1                              285         73    
     87576 15092013   12    19.0      -48.9      -82.9                          
     87576 15092013   12    17.8      -49.3      -83.3        285         66    
