     87576 01102013    0  1011.0  11.2   6.5   300    6                                             
     87576 01102013    0  1010.0   9.8   5.6                28                                      
     87576 01102013    0  1007.0               280   12                                             
     87576 01102013    0   999.0  10.4   6.2               118                                      
     87576 01102013    0   989.0               250   14                                             
     87576 01102013    0   961.0               230   15                                             
     87576 01102013    0   890.0               230   12                                             
     87576 01102013    0   839.0               195   16                                             
     87576 01102013    0   816.0               195   21                                             
     87576 01102013    0   814.0   -.7  -5.6              1788                                      
     87576 01102013    0   794.0    .2 -10.8              1987                                      
     87576 01102013    0   784.0               230   26                                             
     87576 01102013    0   776.0   -.5 -20.5              2170                                      
     87576 01102013    0   760.0  -1.7 -23.7              2336                                      
     87576 01102013    0   752.0  -2.1 -15.1              2420                                      
     87576 01102013    0   722.0               235   26                                             
     87576 01102013    0   716.0  -4.9 -30.9              2807                                      
     87576 01102013    0   706.0               220   26                                             
     87576 01102013    0   690.0               210   31                                             
     87576 01102013    0   673.0  -7.7 -19.7              3291                                      
     87576 01102013    0   668.0  -7.1 -29.1              3349                                      
     87576 01102013    0   601.0               205   53                                             
     87576 01102013    0   573.0 -14.1 -29.1              4528                                      
     87576 01102013    0   565.0               210   61                                             
     87576 01102013    0   529.0 -18.3 -40.3              5129                                      
     87576 01102013    0   468.0 -26.3 -44.3              6028                                      
     87576 01102013    0   435.0               225   62                                             
     87576 01102013    0   409.0 -34.3 -55.3              6986                                      
     87576 01102013    0   381.0 -36.3 -65.3              7479                                      
     87576 01102013    0   300.0               250   93                                             
     87576 01102013    0   288.0               245   95                                             
     87576 01102013    0   276.0 -48.3 -70.3              9658                                      
     87576 01102013    0   252.0 -46.1 -77.1             10259                                      
     87576 01102013    0   247.0               245   58                                             
     87576 01102013    0   216.0               260   47                                             
     87576 01102013    0   189.0               260   55                                             
     87576 01102013    0   184.0 -54.9 -83.9             12308                                      
     87576 01102013    0   174.0               280   57                                             
     87576 01102013    0   152.0               270   71                                             
     87576 01102013    0   144.0               280   65                                             
     87576 01102013    0   139.0 -54.1 -85.1             14103                                      
     87576 01102013    0   109.0               270   42                                             
     87576 01102013    0   100.0 -59.7 -87.7   275   45  16188                                      
     87576 01102013    0    91.4 -61.7 -88.7             16747                                      
     87576 01102013    0    89.0               265   48                                             
     87576 01102013    0    77.4 -59.7 -87.7             17781                                      
     87576 01102013    0    75.2               295   52                                             
     87576 01102013    0    71.3 -62.1 -89.1             18291                                      
     87576 01102013    0    68.2               280   64                                             
     87576 01102013    0    66.1 -61.9 -89.9             18758                                      
     87576 01102013    0    64.0               280   53                                             
     87576 01102013    0    61.9 -57.7 -86.7             19168                                      
     87576 01102013    0    58.9               255   44                                             
     87576 01102013    0    56.5               265   38                                             
     87576 01102013    0    54.6 -60.7 -89.7             19954                                      
     87576 01102013    0    51.6               280   44                                             
     87576 01102013    0    49.4 -57.7 -86.7             20581                                      
     87576 01102013    0    46.4 -60.3 -88.3             20973                                      
     87576 01102013    0    43.7               260   40                                             
     87576 01102013    0    43.1 -57.1 -87.1             21436                                      
     87576 01102013    0    41.2               275   48                                             
     87576 01102013    0    40.0               280   45                                             
     87576 01102013    0    39.1 -59.1 -88.1             22049                                      
     87576 01102013    0    37.5               265   42                                             
     87576 01102013    0    33.7               280   34                                             
     87576 01102013    0    32.3 -56.1 -87.1             23255                                      
     87576 01102013    0    30.6               290   38                                             
     87576 01102013    0    29.2 -58.9 -88.9             23891                                      
     87576 01102013    0    27.9               290   41                                             
     87576 01102013    0    26.1               275   47                                             
     87576 01102013    0    24.9               285   44                                             
     87576 01102013    0    20.7               265   57                                             
     87576 01102013    0    20.4 -56.3 -87.3             26155                                      
     87576 01102013    0    15.3               280   48                                             
     87576 01102013    0    14.4 -47.1 -82.1             28413                                      
     87576 01102013    0    13.3 -48.7 -81.7   275   46  28937                                      
