     87576 04102013   12  1019.0  12.6  10.7   190    6                                             
     87576 04102013   12  1008.0               160   15                                             
     87576 04102013   12  1006.0  10.6   9.8               127                                      
     87576 04102013   12   982.0               150   21                                             
     87576 04102013   12   965.0   9.2   7.7               472                                      
     87576 04102013   12   907.0               155   15                                             
     87576 04102013   12   882.0   4.6   2.8              1212                                      
     87576 04102013   12   849.0   3.2  -9.8              1521                                      
     87576 04102013   12   830.0               135   30                                             
     87576 04102013   12   821.0   1.8  -8.2              1792                                      
     87576 04102013   12   798.0    .8 -14.2              2020                                      
     87576 04102013   12   747.0  -1.5 -16.5              2548                                      
     87576 04102013   12   738.0               165   19                                             
     87576 04102013   12   679.0               145   19                                             
     87576 04102013   12   677.0  -8.1 -15.1              3321                                      
     87576 04102013   12   658.0 -10.1 -13.9   145   16   3541                                      
     87576 04102013   12   647.0 -10.7 -12.2              3670                                      
     87576 04102013   12   629.0               195   15                                             
     87576 04102013   12   589.0               170    9                                             
     87576 04102013   12   558.0               160   16                                             
     87576 04102013   12   537.0               215   15                                             
     87576 04102013   12   516.0 -18.7 -26.7              5384                                      
     87576 04102013   12   512.0               195   19                                             
     87576 04102013   12   499.0               205   25                                             
     87576 04102013   12   487.0               195   22                                             
     87576 04102013   12   373.0               190   25                                             
     87576 04102013   12   365.0 -39.5 -48.5              7859                                      
     87576 04102013   12   361.0               195   21                                             
     87576 04102013   12   356.0 -41.1 -48.1              8029                                      
     87576 04102013   12   341.0               175   12                                             
     87576 04102013   12   327.0 -44.5 -57.5              8602                                      
     87576 04102013   12   317.0 -43.5 -66.5              8810                                      
     87576 04102013   12   302.0               210   32                                             
     87576 04102013   12   273.0               245   31                                             
     87576 04102013   12   261.0 -41.1 -78.1             10123                                      
     87576 04102013   12   207.0               240   64                                             
     87576 04102013   12   203.0 -43.9 -79.9             11820                                      
     87576 04102013   12   195.0               245   49                                             
     87576 04102013   12   163.0               245   58                                             
     87576 04102013   12   139.0               270   70                                             
     87576 04102013   12   131.0 -59.5 -87.5             14660                                      
     87576 04102013   12   124.0               250   62                                             
     87576 04102013   12   117.0               250   40                                             
     87576 04102013   12   113.0               260   34                                             
     87576 04102013   12   109.0               280   37                                             
     87576 04102013   12   102.0 -63.3 -91.3             16211                                      
     87576 04102013   12   100.0 -62.7 -90.7   270   52  16332                                      
     87576 04102013   12    91.5               260   47                                             
     87576 04102013   12    87.1               275   36                                             
     87576 04102013   12    82.0               245   38                                             
     87576 04102013   12    77.6 -65.5 -94.5             17884                                      
     87576 04102013   12    74.7               250   29                                             
     87576 04102013   12    68.9               290   16                                             
     87576 04102013   12    65.2               300   17                                             
     87576 04102013   12    64.0 -66.3 -95.3             19053                                      
     87576 04102013   12    60.6               250   13                                             
     87576 04102013   12    59.6               280    8                                             
     87576 04102013   12    58.9               310   10                                             
     87576 04102013   12    57.8 -64.5 -94.5             19672                                      
     87576 04102013   12    57.7               325   15                                             
     87576 04102013   12    56.8 -60.9 -91.9             19779                                      
     87576 04102013   12    55.4               320   12                                             
     87576 04102013   12    54.1 -59.7 -90.7             20082                                      
     87576 04102013   12    52.7               350   17                                             
     87576 04102013   12    47.3               320   25                                             
     87576 04102013   12    44.6               295   23                                             
     87576 04102013   12    42.1 -62.3 -92.3             21639                                      
     87576 04102013   12    37.2               265   21                                             
     87576 04102013   12    35.3               270   11                                             
     87576 04102013   12    33.7               245   14                                             
     87576 04102013   12    33.2               260   12                                             
     87576 04102013   12    32.4               300   11                                             
     87576 04102013   12    31.7 -56.3 -88.3             23416                                      
     87576 04102013   12    31.4               290   14                                             
     87576 04102013   12    30.5               315   17                                             
     87576 04102013   12    29.6               300   17                                             
     87576 04102013   12    28.0               310   10                                             
     87576 04102013   12    27.0               280   10                                             
     87576 04102013   12    25.9               295   15                                             
     87576 04102013   12    25.3               275   10                                             
     87576 04102013   12    24.0               290    2                                             
     87576 04102013   12    23.2               335   10                                             
     87576 04102013   12    22.4               340   15                                             
     87576 04102013   12    21.3               320   22                                             
     87576 04102013   12    20.7 -53.5 -86.5             26139                                      
     87576 04102013   12    19.5               320   27                                             
     87576 04102013   12    18.8               295   30                                             
     87576 04102013   12    17.9               285   40                                             
     87576 04102013   12    16.2 -48.5 -82.5             27733                                      
     87576 04102013   12    14.0 -50.5 -84.5             28689                                      
     87576 04102013   12    12.0 -42.9 -78.9             29711                                      
