     87576 28092013    0  1016.0  15.0   9.0   120   10                                             
     87576 28092013    0   984.0  12.4   8.9               289                                      
     87576 28092013    0   969.0  13.8   7.8    85   27    418                                      
     87576 28092013    0   953.0                75   24                                             
     87576 28092013    0   856.0                35   14                                             
     87576 28092013    0   849.0   6.8   2.5              1518                                      
     87576 28092013    0   816.0                15    5                                             
     87576 28092013    0   759.0               310   10                                             
     87576 28092013    0   732.0               295   16                                             
     87576 28092013    0   673.0               295   19                                             
     87576 28092013    0   666.0  -6.5  -6.7              3465                                      
     87576 28092013    0   657.0               295   12                                             
     87576 28092013    0   654.0  -7.9  -9.6              3606                                      
     87576 28092013    0   649.0               335    6                                             
     87576 28092013    0   641.0               360   10                                             
     87576 28092013    0   634.0  -4.7 -29.7              3848                                      
     87576 28092013    0   630.0  -4.3 -24.3              3897                                      
     87576 28092013    0   613.0               360   27                                             
     87576 28092013    0   575.0                10   11                                             
     87576 28092013    0   566.0                10   11                                             
     87576 28092013    0   553.0  -9.7 -22.7              4913                                      
     87576 28092013    0   547.0               335   18                                             
     87576 28092013    0   531.0 -12.5 -22.5              5224                                      
     87576 28092013    0   493.0               305   31                                             
     87576 28092013    0   472.0 -20.1 -43.1              6110                                      
     87576 28092013    0   460.0 -21.3 -32.3              6300                                      
     87576 28092013    0   455.0               310   41                                             
     87576 28092013    0   435.0 -24.5 -43.5              6709                                      
     87576 28092013    0   371.0 -34.7 -38.7   300   43   7844                                      
     87576 28092013    0   338.0               295   66                                             
     87576 28092013    0   297.0 -43.9 -47.5              9367                                      
     87576 28092013    0   293.0               315  100                                             
     87576 28092013    0   263.0 -50.7 -53.1             10171                                      
     87576 28092013    0   259.0               320   92                                             
     87576 28092013    0   244.0 -54.5 -57.6             10655                                      
     87576 28092013    0   233.0 -56.5 -63.5             10949                                      
     87576 28092013    0   221.0 -56.1 -73.1             11284                                      
     87576 28092013    0   213.0               310  111                                             
     87576 28092013    0   190.0 -57.1 -77.1             12241                                      
     87576 28092013    0   181.0               305  109                                             
     87576 28092013    0   175.0 -55.7 -79.7             12763                                      
     87576 28092013    0   169.0 -51.5 -82.5             12987                                      
     87576 28092013    0   165.0               290   70                                             
     87576 28092013    0   161.0               290   73                                             
     87576 28092013    0   158.0 -51.3 -84.3             13424                                      
     87576 28092013    0   146.0 -53.7 -86.7             13934                                      
     87576 28092013    0   138.0               295   59                                             
     87576 28092013    0   136.0 -50.9 -84.9             14392                                      
     87576 28092013    0   120.0               275   67                                             
     87576 28092013    0   114.0               270   49                                             
     87576 28092013    0   106.0               285   33                                             
     87576 28092013    0   100.0 -57.5 -88.5   310   40  16363                                      
     87576 28092013    0    95.2               325   46                                             
     87576 28092013    0    89.9               315   55                                             
     87576 28092013    0    87.5 -63.7 -90.7             17194                                      
     87576 28092013    0    72.9 -64.7 -92.7             18311                                      
     87576 28092013    0    70.1               290   41                                             
     87576 28092013    0    69.7 -59.5 -89.5             18587                                      
     87576 28092013    0    64.4 -56.3 -88.3             19085                                      
     87576 28092013    0    64.2               265   20                                             
     87576 28092013    0    62.5               280   17                                             
     87576 28092013    0    59.7               305   22                                             
     87576 28092013    0    58.6 -60.1 -91.1             19679                                      
     87576 28092013    0    57.4               295   28                                             
     87576 28092013    0    55.3               285   22                                             
     87576 28092013    0    52.8               295   18                                             
     87576 28092013    0    51.0 -60.3 -91.3             20545                                      
     87576 28092013    0    48.0               280   16                                             
     87576 28092013    0    47.2               300   13                                             
     87576 28092013    0    46.1               335   15                                             
     87576 28092013    0    44.7               345   21                                             
     87576 28092013    0    43.2               320   21                                             
     87576 28092013    0    39.7               335   31                                             
     87576 28092013    0    34.7               275   10                                             
     87576 28092013    0    33.5 -54.9 -86.9             23197                                      
     87576 28092013    0    32.6               320    3                                             
     87576 28092013    0    28.9               315   10                                             
     87576 28092013    0    27.0 -57.9 -88.9   310    2  24565                                      
     87576 28092013    0    25.5               345   10                                             
     87576 28092013    0    24.7               310   10                                             
     87576 28092013    0    20.0               260   11                                             
     87576 28092013    0    18.9               265   10                                             
     87576 28092013    0    18.4 -50.5 -84.5   250   15  27023                                      
