     87576 13092013    0  1007.0         13       11.4        180         12    
     87576 13092013    0   938.0                              160         36    
     87576 13092013    0   921.0          8        7.8                          
     87576 13092013    0   903.0                              140         28    
     87576 13092013    0   881.0         11       10.9                          
     87576 13092013    0   871.0       10.6       10.5                          
     87576 13092013    0   866.0                              195         10    
     87576 13092013    0   860.0         13       11.7                          
     87576 13092013    0   851.0                              205          5    
     87576 13092013    0   848.0         13       10.7                          
     87576 13092013    0   841.0                              250         10    
     87576 13092013    0   835.0         14          7                          
     87576 13092013    0   793.0       11.2        2.2                          
     87576 13092013    0   786.0                              275         34    
     87576 13092013    0   783.0       12.6      -13.4                          
     87576 13092013    0   739.0                              270         31    
     87576 13092013    0   727.0                              280         37    
     87576 13092013    0   705.0                              300         34    
     87576 13092013    0   623.0                              275         55    
     87576 13092013    0   576.0       -4.1      -25.1                          
     87576 13092013    0   558.0       -6.5      -14.5                          
     87576 13092013    0   556.0                              295         67    
     87576 13092013    0   523.0      -11.5      -13.6                          
     87576 13092013    0   493.0      -14.9      -25.9                          
     87576 13092013    0   486.0      -14.9      -34.9                          
     87576 13092013    0   449.0      -17.3      -53.3                          
     87576 13092013    0   437.0                              305         90    
     87576 13092013    0   431.0      -19.9      -55.9                          
     87576 13092013    0   416.0      -21.5      -45.5                          
     87576 13092013    0   409.0      -22.3      -31.3                          
     87576 13092013    0   400.0      -23.1      -54.1                          
     87576 13092013    0   395.0                              315         93    
     87576 13092013    0   311.0                              300        109    
     87576 13092013    0   275.0      -45.1      -58.1                          
     87576 13092013    0   258.0      -46.7      -66.7                          
     87576 13092013    0   225.0                              295         89    
     87576 13092013    0   214.0                              290         98    
     87576 13092013    0   209.0      -49.1      -81.1                          
     87576 13092013    0   199.0                              280         92    
     87576 13092013    0   173.0                              290         69    
     87576 13092013    0   156.0      -61.3      -84.3                          
     87576 13092013    0   154.0                              275         81    
     87576 13092013    0   138.0                              265         59    
     87576 13092013    0   130.0      -63.5      -86.5                          
     87576 13092013    0   128.0                              275         42    
     87576 13092013    0   114.0                              305         50    
     87576 13092013    0   107.0                              295         66    
     87576 13092013    0   106.0      -71.1      -89.1                          
     87576 13092013    0   100.0      -68.5      -88.5        285         49    
     87576 13092013    0    97.6      -66.5      -88.5                          
     87576 13092013    0    93.3                              285         34    
     87576 13092013    0    89.6                              305         25    
     87576 13092013    0    85.6                              325         30    
     87576 13092013    0    80.5                              320         38    
     87576 13092013    0    75.7      -71.3      -93.3                          
     87576 13092013    0    73.7                              285         27    
     87576 13092013    0    70.6      -66.5      -92.5                          
     87576 13092013    0    69.2                              290         12    
     87576 13092013    0    68.3                              300         10    
     87576 13092013    0    65.7      -66.9      -93.9                          
     87576 13092013    0    65.3                              330         14    
     87576 13092013    0    61.9                              305         16    
     87576 13092013    0    57.0                              310         18    
     87576 13092013    0    55.9      -60.9      -91.9                          
     87576 13092013    0    55.8                              325         18    
     87576 13092013    0    51.0                              280         20    
     87576 13092013    0    45.5                              285         26    
     87576 13092013    0    40.8                              270         12    
     87576 13092013    0    40.1                              290         11    
     87576 13092013    0    37.9                              325         18    
     87576 13092013    0    30.5                              280         29    
     87576 13092013    0    29.1                              265         21    
     87576 13092013    0    27.9                              285         12    
     87576 13092013    0    26.9                              245         18    
     87576 13092013    0    26.5      -55.5      -87.5                          
     87576 13092013    0    26.4                              245         14    
     87576 13092013    0    26.0                              270         10    
     87576 13092013    0    25.6                              290         12    
     87576 13092013    0    24.7                              305         19    
     87576 13092013    0    23.8      -58.5      -89.5                          
     87576 13092013    0    22.6                              275         22    
     87576 13092013    0    20.8      -54.7      -86.7        280         23    
