     87576 19092013   12  1020.0  11.6  -2.4   330    8                                             
     87576 19092013   12  1017.0  10.6  -2.4                44                                      
     87576 19092013   12   997.0  14.2  -5.8               210                                      
     87576 19092013   12   990.0               305   26                                             
     87576 19092013   12   959.0               315   22                                             
     87576 19092013   12   918.0               295   15                                             
     87576 19092013   12   905.0               285   16                                             
     87576 19092013   12   872.0               290   17                                             
     87576 19092013   12   816.0               260   17                                             
     87576 19092013   12   744.0               235   27                                             
     87576 19092013   12   739.0  -5.7 -15.7              2645                                      
     87576 19092013   12   729.0  -4.7 -35.7              2751                                      
     87576 19092013   12   687.0               245   19                                             
     87576 19092013   12   661.0               225   23                                             
     87576 19092013   12   645.0  -8.3 -44.3              3706                                      
     87576 19092013   12   638.0               255   26                                             
     87576 19092013   12   627.0  -8.1 -47.1              3925                                      
     87576 19092013   12   596.0               245   27                                             
     87576 19092013   12   555.0 -15.7 -39.7              4858                                      
     87576 19092013   12   539.0               265   37                                             
     87576 19092013   12   518.0 -16.7 -56.7              5377                                      
     87576 19092013   12   485.0               250   27                                             
     87576 19092013   12   420.0 -30.1 -59.1              6910                                      
     87576 19092013   12   356.0               270   42                                             
     87576 19092013   12   305.0 -47.3 -60.3              9106                                      
     87576 19092013   12   302.0               260   32                                             
     87576 19092013   12   272.0 -52.1 -64.1              9855                                      
     87576 19092013   12   243.0               275   43                                             
     87576 19092013   12   238.0 -56.1 -78.1             10710                                      
     87576 19092013   12   212.0               260   64                                             
     87576 19092013   12   173.0               270   75                                             
     87576 19092013   12   166.0 -54.9 -86.9             13006                                      
     87576 19092013   12   150.0               265   61                                             
     87576 19092013   12   145.0               270   71                                             
     87576 19092013   12   100.0 -57.7 -89.7   265   42  16225                                      
     87576 19092013   12    92.5               260   37                                             
     87576 19092013   12    87.6               270   28                                             
     87576 19092013   12    77.8               285   39                                             
     87576 19092013   12    72.5               275   37                                             
     87576 19092013   12    69.2               285   50                                             
     87576 19092013   12    67.1 -60.9 -91.9             18723                                      
     87576 19092013   12    66.2               275   58                                             
     87576 19092013   12    61.1               260   32                                             
     87576 19092013   12    58.6 -60.3 -91.3             19566                                      
     87576 19092013   12    55.7               245   25                                             
     87576 19092013   12    54.2               250   16                                             
     87576 19092013   12    53.4               280   13                                             
     87576 19092013   12    52.8               310   15                                             
     87576 19092013   12    52.2 -54.3 -87.3             20297                                      
     87576 19092013   12    51.2               335   20                                             
     87576 19092013   12    44.4 -59.9 -90.9             21321                                      
     87576 19092013   12    43.2               285   29                                             
     87576 19092013   12    40.6 -60.7 -91.7             21878                                      
     87576 19092013   12    39.6               295   34                                             
     87576 19092013   12    39.1 -57.5 -89.5             22113                                      
     87576 19092013   12    38.2               270   32                                             
     87576 19092013   12    32.7 -54.9 -86.9             23248                                      
     87576 19092013   12    31.5               265   23                                             
     87576 19092013   12    28.4 -57.3 -89.3             24144                                      
     87576 19092013   12    27.6               285   30                                             
     87576 19092013   12    22.9 -55.5 -87.5   235   28  25510                                      
     87576 19092013   12    21.6 -49.9 -83.9             25887                                      
     87576 19092013   12    20.7               280   33                                             
     87576 19092013   12    18.6 -53.5 -86.5             26856                                      
     87576 19092013   12    18.4               275   26                                             
     87576 19092013   12    17.5               270   32                                             
     87576 19092013   12    16.6               245   31                                             
     87576 19092013   12    14.3               245   40                                             
     87576 19092013   12    13.1               275   42                                             
     87576 19092013   12    12.6               275   50                                             
     87576 19092013   12    12.5 -49.3 -83.3             29437                                      
     87576 19092013   12    12.0               255   45                                             
     87576 19092013   12    11.2 -44.9 -79.9   265   42  30164                                      
