     87576 24092013   12  1030.0   7.0   3.2   140    4                                             
     87576 24092013   12  1028.0   5.0   1.6                35                                      
     87576 24092013   12  1015.0   4.2   2.2               138                                      
     87576 24092013   12  1010.0               125   10                                             
     87576 24092013   12  1004.0   4.8   1.8               226                                      
     87576 24092013   12   985.0   6.0 -18.0               381                                      
     87576 24092013   12   983.0   6.0 -14.0               397                                      
     87576 24092013   12   976.0   5.4  -2.6               455                                      
     87576 24092013   12   962.0   4.4    .8               572                                      
     87576 24092013   12   960.0               165   13                                             
     87576 24092013   12   857.0               180   20                                             
     87576 24092013   12   838.0  -2.3 -10.3              1681                                      
     87576 24092013   12   826.0  -1.5 -19.5              1795                                      
     87576 24092013   12   809.0               160   17                                             
     87576 24092013   12   785.0  -4.3 -20.3              2198                                      
     87576 24092013   12   762.0               165   15                                             
     87576 24092013   12   746.0               150   13                                             
     87576 24092013   12   741.0  -6.5 -47.5              2650                                      
     87576 24092013   12   723.0               160   13                                             
     87576 24092013   12   686.0 -10.9 -35.9              3246                                      
     87576 24092013   12   678.0 -10.5 -39.5              3336                                      
     87576 24092013   12   670.0 -10.9 -23.9              3427                                      
     87576 24092013   12   669.0               145    9                                             
     87576 24092013   12   663.0 -10.7 -25.7              3507                                      
     87576 24092013   12   660.0  -9.9 -45.9              3541                                      
     87576 24092013   12   631.0 -12.1 -26.1              3886                                      
     87576 24092013   12   615.0               165   16                                             
     87576 24092013   12   609.0 -12.7 -51.7              4157                                      
     87576 24092013   12   589.0               155   24                                             
     87576 24092013   12   583.0 -14.5 -46.5              4488                                      
     87576 24092013   12   480.0               190   31                                             
     87576 24092013   12   423.0               195   31                                             
     87576 24092013   12   421.0 -34.9 -42.9              6856                                      
     87576 24092013   12   418.0 -35.3 -43.3              6905                                      
     87576 24092013   12   415.0 -33.9 -67.9              6955                                      
     87576 24092013   12   412.0 -33.5 -72.5              7005                                      
     87576 24092013   12   402.0               215   33                                             
     87576 24092013   12   361.0               210   43                                             
     87576 24092013   12   318.0 -43.5 -70.5              8783                                      
     87576 24092013   12   303.0               230   53                                             
     87576 24092013   12   296.0 -44.9 -72.9              9262                                      
     87576 24092013   12   276.0 -45.7 -70.7              9728                                      
     87576 24092013   12   245.0               235   63                                             
     87576 24092013   12   240.0 -42.5 -78.5             10665                                      
     87576 24092013   12   233.0               240   49                                             
     87576 24092013   12   199.0               240   48                                             
     87576 24092013   12   178.0 -47.3 -82.3             12662                                      
     87576 24092013   12   138.0 -56.1 -86.1             14312                                      
     87576 24092013   12   133.0               235   48                                             
     87576 24092013   12   119.0               240   37                                             
     87576 24092013   12   109.0               270   41                                             
     87576 24092013   12   104.0               250   36                                             
     87576 24092013   12   100.0 -59.1 -89.1   260   31  16345                                      
     87576 24092013   12    88.5               270   22                                             
     87576 24092013   12    85.4               275   31                                             
     87576 24092013   12    84.6 -62.3 -91.3             17385                                      
     87576 24092013   12    74.0               245   40                                             
     87576 24092013   12    70.2               260   34                                             
     87576 24092013   12    67.4               235   27                                             
     87576 24092013   12    66.0               250   20                                             
     87576 24092013   12    65.0 -58.1 -90.1             19028                                      
     87576 24092013   12    64.3               295   13                                             
     87576 24092013   12    63.4               315   14                                             
     87576 24092013   12    62.2               325   16                                             
     87576 24092013   12    56.8               275   17                                             
     87576 24092013   12    55.8 -62.7 -92.7             19978                                      
     87576 24092013   12    54.0               270   23                                             
     87576 24092013   12    51.8               265   19                                             
     87576 24092013   12    49.3               230   13                                             
     87576 24092013   12    48.6               230   10                                             
     87576 24092013   12    46.2               310   10                                             
     87576 24092013   12    45.0               270   13                                             
     87576 24092013   12    42.7               300   12                                             
     87576 24092013   12    40.8               260    2                                             
     87576 24092013   12    40.2 -56.9 -88.9             22026                                      
     87576 24092013   12    35.5               330   17                                             
     87576 24092013   12    33.8               290   18                                             
     87576 24092013   12    33.5 -58.9 -89.9             23175                                      
     87576 24092013   12    33.1               285   15                                             
     87576 24092013   12    31.7               325   11                                             
     87576 24092013   12    31.1               325   12                                             
     87576 24092013   12    30.4               295   12                                             
     87576 24092013   12    30.1               290   10                                             
     87576 24092013   12    29.3               340    4                                             
     87576 24092013   12    28.3                10   10                                             
     87576 24092013   12    26.8               340   11                                             
     87576 24092013   12    25.7               340   12                                             
     87576 24092013   12    24.6 -51.1 -85.1             25147                                      
     87576 24092013   12    24.3                40   10                                             
     87576 24092013   12    23.5                35   11                                             
     87576 24092013   12    15.8 -48.5 -82.5             28043                                      
     87576 24092013   12    14.0 -44.3 -80.3             28846                                      
     87576 24092013   12    13.7 -44.9 -79.9             28990                                      
