     87576 23092013   12  1028.0   8.2   4.0   160    4                                             
     87576 23092013   12  1025.0   6.2   2.3                44                                      
     87576 23092013   12  1004.0               125   10                                             
     87576 23092013   12   990.0   5.6   -.4               328                                      
     87576 23092013   12   982.0   6.0  -9.0               394                                      
     87576 23092013   12   936.0   3.6 -16.4               784                                      
     87576 23092013   12   930.0   3.4 -13.6               836                                      
     87576 23092013   12   924.0   2.8  -5.2               887                                      
     87576 23092013   12   872.0               180   13                                             
     87576 23092013   12   841.0  -4.1  -8.1              1639                                      
     87576 23092013   12   837.0  -3.9 -16.9              1676                                      
     87576 23092013   12   829.0               190   16                                             
     87576 23092013   12   826.0  -4.9 -14.9              1780                                      
     87576 23092013   12   817.0  -5.3 -22.3              1866                                      
     87576 23092013   12   791.0  -7.1 -19.1              2118                                      
     87576 23092013   12   760.0               160   22                                             
     87576 23092013   12   733.0 -10.1 -40.1              2708                                      
     87576 23092013   12   675.0 -13.9 -35.9              3338                                      
     87576 23092013   12   671.0 -14.3 -20.3              3383                                      
     87576 23092013   12   663.0               175   24                                             
     87576 23092013   12   659.0 -15.3 -20.3              3519                                      
     87576 23092013   12   649.0 -15.9 -20.9              3634                                      
     87576 23092013   12   634.0 -16.9 -36.9              3809                                      
     87576 23092013   12   620.0 -17.9 -22.3              3976                                      
     87576 23092013   12   605.0               190   20                                             
     87576 23092013   12   568.0 -22.3 -25.1              4625                                      
     87576 23092013   12   550.0               160   12                                             
     87576 23092013   12   527.0               185   10                                             
     87576 23092013   12   494.0               235    2                                             
     87576 23092013   12   480.0 -31.9 -32.7              5837                                      
     87576 23092013   12   477.0 -30.5 -64.5              5881                                      
     87576 23092013   12   476.0 -30.3 -70.3              5895                                      
     87576 23092013   12   441.0 -34.1 -66.1              6433                                      
     87576 23092013   12   440.0               305   10                                             
     87576 23092013   12   432.0               270   13                                             
     87576 23092013   12   413.0               260   19                                             
     87576 23092013   12   386.0               280   30                                             
     87576 23092013   12   363.0               275   40                                             
     87576 23092013   12   346.0               270   29                                             
     87576 23092013   12   342.0               275   26                                             
     87576 23092013   12   341.0 -41.5 -73.5              8205                                      
     87576 23092013   12   333.0               285   34                                             
     87576 23092013   12   288.0 -42.5 -77.5              9347                                      
     87576 23092013   12   287.0               285   43                                             
     87576 23092013   12   280.0 -39.7 -76.7              9538                                      
     87576 23092013   12   260.0               260   37                                             
     87576 23092013   12   255.0 -38.7 -75.7             10178                                      
     87576 23092013   12   252.0               275   31                                             
     87576 23092013   12   210.0               275   49                                             
     87576 23092013   12   195.0               275   34                                             
     87576 23092013   12   149.0               260   55                                             
     87576 23092013   12   134.0               260   34                                             
     87576 23092013   12   124.0               280   38                                             
     87576 23092013   12   120.0               265   44                                             
     87576 23092013   12   112.0               255   28                                             
     87576 23092013   12   100.0 -57.5 -85.5   285   38  16347                                      
     87576 23092013   12    99.2 -57.9 -85.9             16397                                      
     87576 23092013   12    91.3               255   31                                             
     87576 23092013   12    82.6               285   24                                             
     87576 23092013   12    75.4               245   26                                             
     87576 23092013   12    72.1               225   15                                             
     87576 23092013   12    71.5               225   10                                             
     87576 23092013   12    70.1               280    5                                             
     87576 23092013   12    67.6               335   10                                             
     87576 23092013   12    61.2               270   13                                             
     87576 23092013   12    58.2               280   22                                             
     87576 23092013   12    57.5 -62.7 -89.7             19796                                      
     87576 23092013   12    56.2               255   14                                             
     87576 23092013   12    55.2               260   10                                             
     87576 23092013   12    52.9               305   16                                             
     87576 23092013   12    52.5 -59.9 -87.9             20360                                      
     87576 23092013   12    51.6               310   19                                             
     87576 23092013   12    49.7               290   16                                             
     87576 23092013   12    47.7 -61.5 -89.5             20956                                      
     87576 23092013   12    47.6               235   10                                             
     87576 23092013   12    44.1               255   11                                             
     87576 23092013   12    43.3               265   10                                             
     87576 23092013   12    41.1               345   10                                             
     87576 23092013   12    40.4 -56.5 -86.5             21997                                      
     87576 23092013   12    39.3                 5   14                                             
     87576 23092013   12    35.5               285   10                                             
     87576 23092013   12    34.5 -58.1 -87.1             22994                                      
     87576 23092013   12    33.9               280   10                                             
     87576 23092013   12    33.1               260   10                                             
     87576 23092013   12    29.6                 0    0                                             
     87576 23092013   12    29.5 -56.1 -87.1             23983                                      
     87576 23092013   12    27.7 -52.3 -84.3             24386                                      
     87576 23092013   12    27.3                25   12                                             
     87576 23092013   12    26.5                55   10                                             
     87576 23092013   12    25.4                35   10                                             
     87576 23092013   12    23.6                 0    0                                             
     87576 23092013   12    22.1                95   10                                             
     87576 23092013   12    21.5 -51.9 -83.9             26026                                      
     87576 23092013   12    21.3                65   10                                             
     87576 23092013   12    20.5                 0    0                                             
     87576 23092013   12    19.7 -49.9 -82.9             26594                                      
     87576 23092013   12    18.1                10   11                                             
     87576 23092013   12    17.9                15   10                                             
     87576 23092013   12    16.8                95   10                                             
     87576 23092013   12    16.7 -52.7 -83.7             27667                                      
     87576 23092013   12    16.3                65   13                                             
     87576 23092013   12    15.7                90   18                                             
     87576 23092013   12    14.8                90   14                                             
     87576 23092013   12    14.1               140    8                                             
     87576 23092013   12    13.8               150   10                                             
     87576 23092013   12    13.4               135   15                                             
     87576 23092013   12    12.7               135   22                                             
     87576 23092013   12    12.1               115   27                                             
     87576 23092013   12    11.5               135   21                                             
     87576 23092013   12    11.4 -41.3 -78.3             30195                                      
     87576 23092013   12    11.2               120   29                                             
     87576 23092013   12     8.9 -39.1 -76.1             31884                                      
     87576 23092013   12     8.2 -37.7 -75.7   135   70  32447                                      
