     87576 03102013   12  1018.0  14.0  11.1   110    6                                             
     87576 03102013   12  1017.0  11.8   9.2                28                                      
     87576 03102013   12  1004.0                70   10                                             
     87576 03102013   12  1001.0  12.2  10.0               161                                      
     87576 03102013   12   951.0                55   18                                             
     87576 03102013   12   942.0                60   20                                             
     87576 03102013   12   936.0   8.6   5.7               720                                      
     87576 03102013   12   925.0   9.6   1.6               818                                      
     87576 03102013   12   920.0                85   16                                             
     87576 03102013   12   835.0                60   12                                             
     87576 03102013   12   808.0                90   13                                             
     87576 03102013   12   761.0   3.4 -37.6              2417                                      
     87576 03102013   12   716.0                30    6                                             
     87576 03102013   12   687.0                20   10                                             
     87576 03102013   12   665.0                35   11                                             
     87576 03102013   12   623.0               355   20                                             
     87576 03102013   12   566.0 -12.7 -42.7              4745                                      
     87576 03102013   12   557.0               315   18                                             
     87576 03102013   12   524.0 -17.5 -20.9              5327                                      
     87576 03102013   12   508.0 -19.1 -21.8              5558                                      
     87576 03102013   12   505.0               340   24                                             
     87576 03102013   12   480.0 -21.5 -26.5              5978                                      
     87576 03102013   12   478.0               305   26                                             
     87576 03102013   12   462.0               295   25                                             
     87576 03102013   12   447.0               290   32                                             
     87576 03102013   12   419.0               305   38                                             
     87576 03102013   12   408.0 -31.7 -34.1              7152                                      
     87576 03102013   12   364.0 -38.3 -53.3              7947                                      
     87576 03102013   12   334.0 -43.5 -57.5              8532                                      
     87576 03102013   12   326.0 -44.9 -57.9              8694                                      
     87576 03102013   12   306.0 -48.1 -57.1   310   62   9114                                      
     87576 03102013   12   266.0 -54.1 -65.1             10024                                      
     87576 03102013   12   231.0 -46.3 -81.3             10945                                      
     87576 03102013   12   216.0               280   66                                             
     87576 03102013   12   171.0               280   56                                             
     87576 03102013   12   162.0               290   61                                             
     87576 03102013   12   153.0               275   76                                             
     87576 03102013   12   142.0               280   56                                             
     87576 03102013   12   137.0               290   59                                             
     87576 03102013   12   131.0               275   67                                             
     87576 03102013   12   106.0               270   36                                             
     87576 03102013   12   100.0 -61.3 -89.3   270   40  16324                                      
     87576 03102013   12    96.2 -62.9 -90.9             16563                                      
     87576 03102013   12    96.1               270   48                                             
     87576 03102013   12    89.6               260   42                                             
     87576 03102013   12    83.9               270   30                                             
     87576 03102013   12    82.5 -64.5 -91.5             17505                                      
     87576 03102013   12    74.6               260   35                                             
     87576 03102013   12    72.8               255   35                                             
     87576 03102013   12    69.6               235   24                                             
     87576 03102013   12    67.8               245   18                                             
     87576 03102013   12    67.7 -60.5 -91.5             18724                                      
     87576 03102013   12    62.3               260   21                                             
     87576 03102013   12    61.5               255   23                                             
     87576 03102013   12    59.3               235   11                                             
     87576 03102013   12    57.8               300    3                                             
     87576 03102013   12    50.3 -63.1 -93.1             20562                                      
     87576 03102013   12    45.4                 0    0                                             
     87576 03102013   12    44.8 -62.5 -92.5             21274                                      
     87576 03102013   12    43.2               270   10                                             
     87576 03102013   12    41.9               295   15                                             
     87576 03102013   12    41.2 -58.9 -89.9             21795                                      
     87576 03102013   12    39.2 -60.9 -91.9             22105                                      
     87576 03102013   12    38.6               300   12                                             
     87576 03102013   12    37.5               285   10                                             
     87576 03102013   12    36.7               265    8                                             
     87576 03102013   12    34.6               300   15                                             
     87576 03102013   12    32.9               265   20                                             
     87576 03102013   12    31.6 -56.9 -88.9             23457                                      
     87576 03102013   12    29.1               300   14                                             
     87576 03102013   12    27.3               295    2                                             
     87576 03102013   12    25.3 -59.1 -90.1             24857                                      
     87576 03102013   12    24.8               240   11                                             
     87576 03102013   12    23.9 -56.3 -88.3             25216                                      
     87576 03102013   12    23.4               265   14                                             
     87576 03102013   12    22.0 -57.3 -89.3             25740                                      
     87576 03102013   12    20.9               290   15                                             
     87576 03102013   12    19.7               250   22                                             
     87576 03102013   12    18.0 -51.1 -85.1             27026                                      
     87576 03102013   12    17.2               250   29                                             
     87576 03102013   12    15.6               240   23                                             
     87576 03102013   12    15.0               265   18                                             
     87576 03102013   12    14.2               270   18                                             
     87576 03102013   12    14.0               260   17                                             
     87576 03102013   12    12.7               235   34                                             
     87576 03102013   12    12.0               250   31                                             
     87576 03102013   12    11.4               245   35                                             
     87576 03102013   12    11.3 -46.9 -81.9   245   34  30082                                      
