     87576 03102013    0  1017.0  14.0   9.6   110    8                                             
     87576 03102013    0  1006.0                90   15                                             
     87576 03102013    0   938.0               115   17                                             
     87576 03102013    0   928.0   9.0   7.0               786                                      
     87576 03102013    0   904.0               100   22                                             
     87576 03102013    0   900.0   8.4   1.4              1038                                      
     87576 03102013    0   882.0                85   17                                             
     87576 03102013    0   875.0   9.8  -3.2              1271                                      
     87576 03102013    0   794.0   6.2 -22.8              2071                                      
     87576 03102013    0   755.0               150   18                                             
     87576 03102013    0   722.0    .2 -19.8              2840                                      
     87576 03102013    0   716.0               155   11                                             
     87576 03102013    0   683.0               185    6                                             
     87576 03102013    0   679.0  -1.5 -33.5              3329                                      
     87576 03102013    0   674.0  -1.7 -31.7              3387                                      
     87576 03102013    0   647.0               180   10                                             
     87576 03102013    0   603.0               265   10                                             
     87576 03102013    0   586.0               285   13                                             
     87576 03102013    0   546.0               295   25                                             
     87576 03102013    0   518.0               280   33                                             
     87576 03102013    0   513.0 -18.7 -23.4              5489                                      
     87576 03102013    0   510.0               275   33                                             
     87576 03102013    0   480.0 -22.9 -30.9              5979                                      
     87576 03102013    0   469.0 -23.9 -42.9              6148                                      
     87576 03102013    0   455.0               290   25                                             
     87576 03102013    0   445.0 -26.9 -48.9              6529                                      
     87576 03102013    0   435.0 -27.7 -46.7              6692                                      
     87576 03102013    0   426.0 -29.1 -33.1              6841                                      
     87576 03102013    0   420.0 -29.9 -35.9              6942                                      
     87576 03102013    0   402.0 -32.7 -34.2              7252                                      
     87576 03102013    0   400.0 -32.9 -34.9              7287                                      
     87576 03102013    0   395.0               285   54                                             
     87576 03102013    0   394.0 -32.1 -49.1              7393                                      
     87576 03102013    0   316.0 -45.1 -50.1              8908                                      
     87576 03102013    0   302.0 -47.3 -55.3              9209                                      
     87576 03102013    0   295.0               285   61                                             
     87576 03102013    0   289.0 -49.9 -53.3              9497                                      
     87576 03102013    0   288.0               280   59                                             
     87576 03102013    0   287.0 -50.5 -53.9              9542                                      
     87576 03102013    0   275.0 -51.5 -61.5              9819                                      
     87576 03102013    0   263.0 -52.9 -61.9             10107                                      
     87576 03102013    0   248.0               280   88                                             
     87576 03102013    0   239.0 -53.9 -65.9             10722                                      
     87576 03102013    0   203.0 -50.3 -79.3             11778                                      
     87576 03102013    0   167.0 -55.1 -84.1   275   66  13038                                      
     87576 03102013    0   159.0               275   71                                             
     87576 03102013    0   132.0               270   66                                             
     87576 03102013    0   113.0               260   31                                             
     87576 03102013    0   106.0               260   33                                             
     87576 03102013    0   102.0               280   29                                             
     87576 03102013    0   100.0 -60.7 -87.7   285   31  16270                                      
