     87576 14092013   12  1024.0        6.2        1.7        200         10    
     87576 14092013   12  1020.0        4.8        1.3                          
     87576 14092013   12   998.0          3         .7                          
     87576 14092013   12   987.0                              150         23    
     87576 14092013   12   980.0                              145         22    
     87576 14092013   12   973.0          4        2.5                          
     87576 14092013   12   930.0          2        1.9                          
     87576 14092013   12   895.0                               70         13    
     87576 14092013   12   878.0                               75          5    
     87576 14092013   12   816.0       -1.5       -3.6                          
     87576 14092013   12   798.0       -1.9      -11.9                          
     87576 14092013   12   797.0                              150         10    
     87576 14092013   12   775.0       -1.1       -7.1                          
     87576 14092013   12   758.0                              235         11    
     87576 14092013   12   707.0                              300         15    
     87576 14092013   12   689.0       -5.7       -5.8                          
     87576 14092013   12   682.0                              285         16    
     87576 14092013   12   680.0       -5.1       -5.2                          
     87576 14092013   12   677.0       -2.5       -3.4                          
     87576 14092013   12   674.0       -2.3       -4.2                          
     87576 14092013   12   661.0                              275         26    
     87576 14092013   12   629.0                              295         32    
     87576 14092013   12   580.0      -10.5      -10.7                          
     87576 14092013   12   563.0       -7.5      -25.5                          
     87576 14092013   12   534.0      -10.3      -36.3                          
     87576 14092013   12   503.0      -13.3      -27.3                          
     87576 14092013   12   442.0      -20.7      -39.7                          
     87576 14092013   12   432.0                              295         72    
     87576 14092013   12   425.0      -22.5      -36.5                          
     87576 14092013   12   368.0      -32.5      -37.5                          
     87576 14092013   12   366.0                              305         73    
     87576 14092013   12   344.0      -35.3      -38.7                          
     87576 14092013   12   337.0      -34.7      -36.7                          
     87576 14092013   12   324.0                              320        105    
     87576 14092013   12   311.0      -37.9      -40.5                          
     87576 14092013   12   289.0                              330         93    
     87576 14092013   12   256.0      -48.7      -53.4                          
     87576 14092013   12   227.0      -55.9      -57.8                          
     87576 14092013   12   225.0      -56.1      -57.8                          
     87576 14092013   12   212.0      -58.7      -65.7                          
     87576 14092013   12   196.0                              320        120    
     87576 14092013   12   192.0      -62.3      -70.3                          
     87576 14092013   12   186.0      -63.5      -73.5                          
     87576 14092013   12   182.0                              310        113    
     87576 14092013   12   178.0      -59.5      -79.5                          
     87576 14092013   12   171.0                              305        126    
     87576 14092013   12   131.0      -64.5      -83.5                          
     87576 14092013   12   125.0      -64.9      -84.9                          
     87576 14092013   12   116.0                              280         83    
     87576 14092013   12   110.0                              280         91    
     87576 14092013   12   100.0      -63.1      -86.1        290         53    
