     87576 16092013    0  1017.0        9.4        7.8        180         10    
     87576 16092013    0  1009.0                              160         20    
     87576 16092013    0   917.0                              130         36    
     87576 16092013    0   898.0          3        2.7                          
     87576 16092013    0   890.0                              120         29    
     87576 16092013    0   883.0        5.2        4.9                          
     87576 16092013    0   829.0                              120         30    
     87576 16092013    0   801.0                              105         34    
     87576 16092013    0   746.0                               80         26    
     87576 16092013    0   686.0                              360          6    
     87576 16092013    0   680.0       -3.9         -5                          
     87576 16092013    0   674.0       -3.3       -5.8                          
     87576 16092013    0   673.0                              355         10    
     87576 16092013    0   614.0                              355         14    
     87576 16092013    0   564.0                              310         22    
     87576 16092013    0   560.0      -13.9      -33.9                          
     87576 16092013    0   544.0      -15.5      -28.5                          
     87576 16092013    0   534.0                              325         25    
     87576 16092013    0   513.0      -19.7      -29.7                          
     87576 16092013    0   457.0      -27.5      -37.5                          
     87576 16092013    0   408.0      -35.1      -37.4                          
     87576 16092013    0   361.0                              310         47    
     87576 16092013    0   343.0      -45.7      -49.5                          
     87576 16092013    0   317.0                              325         52    
     87576 16092013    0   304.0      -52.3      -54.6                          
     87576 16092013    0   294.0      -53.1      -63.1                          
     87576 16092013    0   288.0      -52.7      -71.7                          
     87576 16092013    0   278.0                              315         63    
     87576 16092013    0   247.0                              310         73    
     87576 16092013    0   229.0                              320         97    
     87576 16092013    0   208.0      -48.9      -82.9                          
     87576 16092013    0   192.0                              315         67    
     87576 16092013    0   181.0                              305         79    
     87576 16092013    0   165.0      -50.7      -84.7                          
     87576 16092013    0   141.0      -57.3      -89.3                          
     87576 16092013    0   136.0                              325         55    
     87576 16092013    0   117.0                              295         84    
     87576 16092013    0   109.0                              295         65    
     87576 16092013    0   103.0      -61.5      -91.5                          
     87576 16092013    0   100.0      -61.1      -92.1        310         72    
     87576 16092013    0    91.6                              310         85    
     87576 16092013    0    82.6                              290         69    
     87576 16092013    0    80.6      -66.3      -94.3                          
     87576 16092013    0    75.8                              280         82    
     87576 16092013    0    67.9      -58.1      -90.1                          
     87576 16092013    0    67.4                              270         69    
     87576 16092013    0    67.2      -58.3      -89.3                          
     87576 16092013    0    65.8      -55.1      -87.1                          
     87576 16092013    0    61.9                              280         37    
     87576 16092013    0    60.2                              290         34    
     87576 16092013    0    58.0                              285         36    
     87576 16092013    0    56.4                              295         32    
     87576 16092013    0    53.0                              315         37    
     87576 16092013    0    48.9      -63.7      -93.7                          
     87576 16092013    0    48.5                              315         37    
     87576 16092013    0    46.6      -61.1      -92.1                          
     87576 16092013    0    44.7                              290         44    
     87576 16092013    0    40.6                              300         58    
     87576 16092013    0    37.4      -63.7      -93.7                          
     87576 16092013    0    33.4      -56.1      -88.1                          
     87576 16092013    0    29.3      -58.7      -89.7                          
     87576 16092013    0    28.8                              275         71    
     87576 16092013    0    26.2                              280         79    
     87576 16092013    0    25.2      -50.7      -84.7        290         73    
