 1025.0  -1.5   99.
 1020.0   4.8   83.
 1006.0   5.8   73.
 1000.0   5.8   75.
  990.0   6.0   65.
  959.0   9.4   14.
  925.0   7.4   12.
  919.7   7.3   10.
  886.0   6.4    5.
  853.6   4.8    7.
  850.0   4.6    8.
  791.1   1.3    7.
  761.6  -0.4    7.
  700.0  -4.3    7.
  683.0  -5.7    6.
  678.9  -5.8    7.
  672.0  -5.9   11.
  640.0  -8.9   34.
  627.6  -9.9   33.
  603.2 -12.0   30.
  600.0 -12.3   30.
  591.0 -12.7   61.
  568.0 -15.1   73.
  556.6 -16.0   66.
  536.0 -17.7   54.
  534.5 -17.4   47.
  530.0 -16.5   32.
  520.0 -17.1   11.
  513.2 -17.9   12.
  500.0 -19.5   15.
  472.0 -23.1   16.
  452.4 -25.7   17.
  433.7 -28.3   18.
  415.8 -30.9   20.
  400.0 -33.3   21.
  348.8 -42.1    1.
  333.6 -45.0    1.
  332.0 -45.3    1.
  321.0 -47.1    1.
  318.7 -47.1    1.
  309.0 -47.1    1.
  304.4 -47.5    1.
  300.0 -47.9    1.
  290.7 -48.4    1.
  277.5 -49.0    1.
  276.0 -49.1    1.
  271.0 -48.3    1.
  265.0 -49.5    1.
  262.0 -50.1    1.
  253.0 -51.8    1.
  250.0 -52.3    1.
  241.4 -51.8    1.
  230.3 -51.2    1.
  219.8 -50.6    1.
  200.1 -49.3    1.
  200.0 -49.3    1.
  197.0 -48.5    1.
  182.2 -49.9    1.
  173.8 -50.7    1.
  158.3 -52.4    1.
  150.0 -53.3    1.
  130.8 -55.5    1.
  118.8 -57.0    1.
  107.9 -58.5    1.
  100.0 -59.7    1.
   98.0 -59.7    1.
   88.9 -59.5    1.
   80.7 -59.3    1.
   76.9 -59.3    1.
   73.2 -59.2    1.
   70.0 -59.1    1.
   69.7 -59.1    1.
   63.3 -58.3    1.
   60.3 -58.0    1.
   57.5 -57.6    1.
   54.8 -57.2    1.
   52.2 -56.8    1.
   50.0 -56.5    1.
   49.7 -56.5    1.
   45.2 -56.0    1.
   43.1 -55.8    1.
   37.4 -55.1    1.
   34.0 -54.7    1.
   32.4 -54.5    1.
   30.9 -54.2    1.
   30.0 -54.1    1.
   29.4 -53.9    1.
   28.1 -53.5    1.
   26.9 -53.1    1.
   23.7 -53.7    1.
   23.2 -53.4    1.
   21.1 -52.0    1.
   20.0 -51.1    1.
   19.2 -50.9    1.
   17.5 -50.5    1.
   15.9 -50.1    1.
   14.6 -47.6    1.
   13.5 -45.5    1.
   13.3 -45.5    1.
   12.1 -45.7    1.
   11.6 -45.8    1.
   11.2 -45.9    1.
