  967.0  26.8   70.
  939.3  24.2   77.
  925.0  22.8   81.
  907.0  21.3   85.
  875.7  18.5   93.
  872.0  18.2   94.
  850.0  17.0   93.
  817.0  15.4   91.
  815.5  15.9   88.
  806.0  19.4   73.
  790.0  18.6   40.
  787.0  18.5   37.
  764.0  17.4   22.
  759.5  17.0   22.
  732.5  14.3   23.
  700.0  11.0   24.
  655.8   6.3   19.
  608.7   1.1   15.
  599.0  -0.1   14.
  563.4  -4.6   18.
  521.2 -10.3   25.
  500.0 -13.3   30.
  481.4 -15.7   31.
  469.0 -17.3   31.
  434.0 -18.7   17.
  425.8 -20.1   20.
  400.0 -24.5   32.
  391.7 -25.9   35.
  345.0 -34.5   64.
  333.0 -34.1   29.
  315.4 -37.5   33.
  300.0 -40.7   37.
  281.0 -43.5   10.
  251.6 -49.5   10.
  250.0 -49.9   10.
  228.7 -54.3   12.
  207.8 -59.0   15.
  200.0 -60.9   16.
  188.4 -62.3   17.
  179.4 -63.5   17.
  170.8 -64.7   17.
  168.0 -65.1   18.
  162.5 -64.9   17.
  159.0 -64.7   16.
  154.6 -64.5   16.
  150.0 -64.3   15.
  131.0 -63.5   10.
  126.6 -64.0    9.
  120.4 -64.7    8.
  105.0 -66.7    6.
  103.6 -66.5    6.
  100.0 -66.1    6.
   98.5 -65.9    7.
   96.6 -65.7    7.
   92.3 -67.5    6.
   85.6 -62.9    5.
   84.8 -63.1    5.
   80.7 -64.2    5.
   76.6 -65.3    6.
   74.9 -62.1    4.
   72.7 -63.5    4.
   71.3 -63.7   18.
   70.9 -63.7    4.
   70.0 -63.9    4.
   67.6 -64.5    3.
   66.1 -64.3    3.
   50.0 -62.1    3.
   49.1 -62.0    3.
   44.6 -61.4    3.
   40.5 -60.9    3.
   30.0 -54.1    3.
   20.0 -50.3    3.
   17.2 -48.2    3.
   16.4 -47.5    3.
   14.3 -43.4    2.
   13.8 -42.3    2.
   12.5 -41.9    2.
   10.9 -41.4    2.
   10.0 -41.1    2.
    9.6 -40.6    2.
    8.0 -38.6    2.
    7.6 -38.1    2.
    7.4 -37.7    2.
