
  GTOL IS LESS THAN OR EQUAL TO 1.D-04
IT HAS BEEN RESET TO 1.D-02

*************************************************
 PROB=  0   N= 133632   NUMBER OF CORRECTIONS= 5
     0.10426729E+05           0.50819793E+03

*************************************************

   I  NFN           FUNC            GNORM         STEPLENGTH

   1    3     0.81113809E+04   0.41991003E+03   0.98386863E-02
   2    4     0.20627793E+04   0.12191303E+03   0.10000000E+01
   3    5     0.16507526E+04   0.10651330E+03   0.10000000E+01
   4    6     0.14387148E+04   0.53531939E+02   0.10000000E+01
   5    7     0.13126020E+04   0.24445950E+02   0.10000000E+01
   6    8     0.12799216E+04   0.18769147E+02   0.10000000E+01
   7    9     0.12585516E+04   0.31789112E+02   0.10000000E+01
   8   10     0.12481452E+04   0.18545690E+02   0.10000000E+01
   9   11     0.12419268E+04   0.46760652E+01   0.10000000E+01
  10   12     0.12410266E+04   0.35774193E+01   0.10000000E+01
  11   13     0.12391603E+04   0.27682545E+01   0.10000000E+01
  12   15     0.12389246E+04   0.30563241E+01   0.37423545E+00
  13   16     0.12386741E+04   0.16617394E+01   0.10000000E+01
  14   17     0.12385054E+04   0.88328402E+00   0.10000000E+01
  15   18     0.12384408E+04   0.81755050E+00   0.10000000E+01
  16   19     0.12384085E+04   0.89743962E+00   0.10000000E+01
  17   20     0.12383862E+04   0.35770901E+00   0.10000000E+01
  18   21     0.12383765E+04   0.27982519E+00   0.10000000E+01
  19   22     0.12383711E+04   0.22525635E+00   0.10000000E+01
  20   23     0.12383705E+04   0.42237649E+00   0.10000000E+01
  21   24     0.12383675E+04   0.89296606E-01   0.10000000E+01
  22   25     0.12383671E+04   0.72027640E-01   0.10000000E+01
  23   26     0.12383666E+04   0.60511214E-01   0.10000000E+01
  24   27     0.12383665E+04   0.13436764E+00   0.10000000E+01
  25   28     0.12383662E+04   0.27704862E-01   0.10000000E+01
  26   29     0.12383662E+04   0.17966721E-01   0.10000000E+01
  27   30     0.12383661E+04   0.17000323E-01   0.10000000E+01
  28   32     0.12383661E+04   0.19218667E-01   0.48403845E+00
  29   33     0.12383661E+04   0.98443971E-02   0.10000000E+01
  30   34     0.12383661E+04   0.59724562E-02   0.10000000E+01
  31   35     0.12383661E+04   0.66631253E-02   0.10000000E+01
  32   36     0.12383661E+04   0.65682489E-02   0.10000000E+01
  33   37     0.12383661E+04   0.25806365E-02   0.10000000E+01

 THE MINIMIZATION TERMINATED WITHOUT DETECTING ERRORS.
 IFLAG = 0
